[31, 14, ]
32, 1, 14, ]
33, 14, ]
37, 1, 14, ]
42, 1, 3, 41, 14, ]
47, 1, ]
49, 14, ]
50, 14, ]
55, 1, 41, ]
56, 14, ]
58, 14, ]
64, 9, ]
66, 14, ]
70, 14, ]
72, 14, ]
74, 3, ]
76, 14, ]
78, 22, 14, ]
80, 1, 0, 38, 41, ]
82, 1, 3, 41, ]
85, 14, ]
87, 1, 0, ]
89, 14, ]
91, 14, ]
92, 1, 14, ]
94, 1, 41, ]
97, 14, ]
102, 1, 38, 41, 14, ]
105, 0, 61, 14, ]
108, 0, ]
109, 1, ]
115, 0, ]
116, 14, ]
117, 14, ]
119, 14, ]
121, 0, 53, 14, ]
123, 1, ]
125, 14, ]
126, 1, 41, ]
127, 14, ]
128, 0, 18, 61, 14, ]
130, 1, 41, ]
132, 1, 38, 41, 14, ]
134, 1, 14, ]
137, 14, ]
138, 1, 24, 41, ]
147, 1, 25, 38, 41, 14, ]
152, 1, 62, 14, ]
155, 1, 54, ]
157, 14, ]
158, 0, 35, 14, ]
160, 1, 14, ]
163, 1, 3, 41, ]
164, 1, ]
169, 1, ]
170, 14, ]
173, 9, 38, 41, 14, ]
174, 48, 14, ]
176, 1, 41, 14, ]
178, 14, ]
179, 1, 41, 14, ]
181, 1, ]
182, 14, ]
184, 0, 14, ]
185, 1, 16, 25, 54, 69, 38, 53, 41, 61, ]
186, 0, 61, 14, ]
188, 0, 61, 14, ]
190, 101, ]
191, 101, 14, ]
196, 14, ]
197, 1, 25, 38, 14, ]
198, 14, ]
200, 14, ]
203, 15, 187, 14, ]
204, 1, 62, ]
206, 4, 38, 41, 14, ]
207, 1, 4, 88, 38, 41, 14, ]
209, 1, 0, 35, 41, ]
211, 131, ]
217, 114, ]
218, 0, ]
221, 14, ]
224, 1, 9, 75, 38, 41, ]
225, 1, ]
229, 14, ]
230, 0, 41, 61, 14, ]
231, 14, ]
232, 1, 38, 41, ]
234, 14, ]
237, 1, 4, 65, 131, 88, 38, 41, ]
238, 1, 25, 38, 41, 14, ]
241, 35, 53, ]
243, 1, 235, 38, 41, ]
244, 45, 14, ]
245, 1, 54, 41, ]
247, 1, 25, 38, 41, 14, ]
248, 1, 65, 131, ]
249, 0, 53, 14, ]
250, 14, ]
253, 1, 14, ]
255, 1, 38, 41, 212, 14, ]
258, 1, 4, 57, 88, 38, 41, ]
259, 1, 54, 141, 41, ]
264, 1, 22, ]
265, 3, 38, ]
266, 17, 38, 41, 14, ]
271, 142, ]
273, 1, 38, 41, ]
274, 3, 131, 41, 14, ]
275, 14, ]
278, 1, 25, 90, 38, ]
279, 101, 14, ]
281, 3, 154, 38, 14, ]
283, 1, ]
287, 62, 14, ]
289, 1, 25, 38, 41, ]
292, 14, ]
293, 38, 14, ]
295, 0, 35, 14, ]
297, 1, 41, ]
299, 14, ]
303, 14, ]
304, 1, 0, 38, 53, 41, 14, ]
305, 14, ]
307, 14, ]
308, 4, 142, 88, 38, ]
309, 0, 104, 61, ]
310, 3, 24, ]
311, 25, 300, 83, 38, 41, 61, ]
313, 18, 53, 61, 14, ]
314, 14, ]
315, 1, ]
316, 22, 257, ]
318, 0, ]
320, 1, ]
323, 101, 100, 14, ]
324, 98, 38, 41, 14, ]
326, 65, 131, ]
328, 1, 19, 41, 14, ]
330, 0, 210, ]
331, 219, ]
332, 1, 38, 41, 14, ]
333, 14, ]
335, 1, ]
336, 1, 0, 65, 131, 261, 149, 41, 14, ]
337, 65, 131, ]
339, 0, 25, 62, 38, 41, 14, 210, ]
340, 1, 41, 14, ]
343, 38, 41, ]
344, 1, 41, 14, ]
345, 101, 100, 14, ]
346, 14, ]
348, 14, ]
350, 1, 0, 25, 38, 41, 61, 14, ]
354, 1, ]
355, 25, 90, 38, ]
356, 1, 235, 15, ]
357, 14, ]
358, 1, 41, ]
359, 1, ]
362, 1, 0, 41, ]
363, 14, ]
364, 1, 14, ]
365, 1, 51, 65, 131, 38, 276, 14, ]
366, 1, 99, 142, 235, ]
370, 1, 0, 14, ]
372, 106, 14, ]
373, 1, 38, 41, 14, ]
374, 1, ]
375, 65, 131, 149, 14, ]
376, 3, 0, 65, 17, 131, 149, 38, 53, 41, ]
377, 1, 24, 41, ]
379, 9, ]
382, 1, 14, ]
383, 25, 36, 226, 38, ]
384, 1, 38, 41, 14, ]
386, 0, 14, ]
387, 1, 14, ]
390, 14, ]
391, 0, 25, 38, 61, ]
393, 0, 61, ]
396, 14, ]
397, 317, 14, ]
398, 14, ]
399, 14, ]
401, 14, ]
403, 14, ]
406, 14, ]
407, 1, 14, ]
411, 41, ]
412, 0, 51, 65, 131, 38, 41, 14, ]
413, 0, 270, 61, ]
414, 1, 3, 41, 14, ]
416, 65, 131, 14, ]
417, 1, 0, 18, 61, 14, ]
419, 0, 16, 54, 69, 61, 14, ]
421, 14, ]
424, 1, 3, 41, 14, ]
427, 14, ]
430, 1, 65, 131, 41, 14, ]
431, 14, ]
432, 1, ]
433, 0, 53, ]
434, 1, 0, 54, 166, 38, 41, 61, 14, ]
436, 35, 112, 235, 124, 371, 101, 53, 100, 41, 14, ]
438, 142, 61, 14, 228, ]
439, 14, ]
440, 1, 0, 389, 53, 14, ]
442, 1, 25, 38, 41, 14, ]
443, 0, 38, ]
444, 1, 54, ]
445, 14, ]
447, 48, ]
450, 1, 3, 41, ]
451, 1, 38, 41, 14, ]
452, 4, 25, 88, ]
454, 1, 101, 14, ]
457, 1, 41, ]
458, 14, ]
459, 1, 14, ]
461, 1, 25, 90, 38, 41, ]
462, 14, ]
463, 35, 14, ]
464, 14, ]
469, 1, 14, 210, ]
470, 1, 25, 402, 38, 41, 14, ]
472, 219, 14, ]
474, 0, 166, 61, ]
477, 14, ]
478, 1, 14, ]
479, 114, ]
480, 1, 4, 38, 41, 14, ]
481, 14, ]
483, 14, ]
484, 9, 24, 41, ]
486, 54, 338, 429, ]
489, 1, 0, ]
490, 3, 65, 131, 201, 149, 14, ]
491, 14, ]
492, 65, 131, 149, ]
494, 1, 38, 41, 14, ]
495, 1, 0, 44, 53, ]
498, 4, 471, 256, 88, ]
500, 3, 22, 41, ]
501, 14, ]
503, 14, ]
505, 0, 53, 14, ]
506, 25, 502, 14, ]
507, 65, 131, ]
511, 14, ]
513, 1, 41, 14, ]
514, 38, 41, 14, ]
515, 0, ]
516, 0, 61, 14, ]
517, 0, 61, 14, ]
518, 1, 14, ]
519, 65, 131, ]
521, 0, ]
522, 14, ]
523, 1, 14, ]
525, 1, 0, 35, 112, 10, 235, 124, 371, 101, 53, 100, 61, 228, ]
526, 1, 38, 41, ]
529, 1, 41, ]
530, 14, ]
531, 14, ]
533, 1, 16, 54, 112, 235, 69, 371, 53, 41, 61, 14, ]
534, 1, 38, 41, 14, ]
537, 1, 9, 15, ]
538, 14, ]
542, 35, 112, 235, 124, 371, 53, 100, 41, 14, ]
543, 101, 14, ]
544, 65, 131, 28, 149, 14, ]
548, 0, 35, ]
549, 1, 0, 79, 546, 493, 14, ]
550, 99, 142, ]
551, 24, 22, 41, ]
552, 14, ]
553, 187, 14, ]
555, 1, 25, 482, 38, 41, 14, ]
559, 14, ]
561, 14, ]
562, 14, ]
563, 1, 3, 0, 41, 14, ]
564, 38, 41, 14, ]
565, 14, ]
567, 1, 4, 88, 38, 41, ]
569, 1, ]
571, 14, ]
572, 3, 38, ]
573, 1, 41, 14, ]
574, 1, 14, ]
575, 14, ]
576, 1, 41, 14, ]
577, 0, 35, ]
578, 1, 14, ]
579, 14, ]
580, 1, 0, 103, 61, ]
581, 14, ]
582, 1, ]
583, 14, ]
585, 14, ]
587, 0, 41, 14, 210, ]
588, 14, ]
589, 1, 38, 41, ]
590, 41, 14, ]
591, 1, 3, 4, 38, 302, 14, ]
592, 65, 131, 14, ]
593, 61, 14, ]
594, 1, 25, 38, 41, ]
596, 1, 14, ]
597, 1, 0, 210, ]
599, 1, 3, 0, 18, 41, 61, 14, ]
601, 65, 131, 149, 41, ]
602, 65, 131, 149, 38, ]
603, 142, 48, ]
604, 1, 0, 112, 235, 53, 14, ]
606, 1, ]
608, 3, ]
610, 14, ]
611, 38, 509, ]
612, 1, 104, 62, 14, ]
613, 0, ]
615, 0, 112, 235, 53, 41, ]
616, 14, ]
617, 1, 17, 38, 41, 14, ]
620, 7, 100, 41, 14, ]
621, 0, ]
623, 1, 41, ]
625, 1, 38, 41, 14, ]
626, 14, ]
627, 1, 41, ]
628, 1, ]
632, 1, 0, 51, 65, 131, 101, 53, ]
634, 1, 38, 41, ]
635, 14, ]
636, 290, 14, ]
637, 131, 415, 14, ]
638, 1, 0, 131, 61, ]
639, 14, ]
640, 1, 3, 0, 41, 61, 14, ]
641, 1, 0, 9, 41, ]
642, 1, 4, 88, 38, 41, 14, ]
643, 1, 114, 14, ]
645, 25, 90, 142, 62, 560, 14, ]
647, 1, 0, ]
648, 1, 3, 0, 41, 61, 14, 228, ]
652, 1, 14, ]
653, 1, 4, 12, 65, 131, 151, 88, 149, 38, 14, ]
654, 1, 153, 38, 41, 14, ]
655, 14, ]
658, 41, 14, ]
659, 1, 24, 41, 14, ]
660, 1, 129, ]
661, 1, 25, 38, 41, 14, ]
662, 1, 0, 41, 61, 228, ]
663, 1, ]
665, 14, ]
666, 0, 35, 14, ]
667, 14, ]
668, 1, 0, 38, 41, 14, ]
669, 1, ]
672, 14, ]
673, 4, 88, 38, 41, ]
674, 14, ]
675, 0, ]
676, 38, ]
677, 1, 4, 38, 41, ]
679, 3, ]
681, 0, 101, 100, 61, ]
683, 1, 0, 61, ]
685, 14, ]
686, 14, ]
688, 1, 3, 65, 131, 38, 14, ]
689, 0, 53, ]
692, 14, ]
693, 15, 45, 41, ]
694, 0, 14, ]
695, 3, 154, 38, 14, ]
696, 9, ]
697, 38, 14, ]
698, 14, ]
701, 1, 0, 65, 131, 62, ]
704, 1, 25, 166, 38, 41, ]
705, 14, ]
706, 14, ]
708, 1, ]
709, 1, 0, 18, 38, 41, 61, ]
710, 1, 41, 14, ]
711, 14, ]
712, 1, 14, ]
713, 1, 41, 14, ]
714, 1, 25, 38, 41, ]
715, 201, 14, ]
717, 1, 4, 51, 65, 131, 88, 14, ]
719, 1, 6, 62, 446, ]
720, 0, ]
721, 0, 35, ]
722, 1, 65, 131, 149, 41, ]
723, 101, ]
724, 1, 16, 65, 131, 235, 213, 149, 100, 41, 14, 473, ]
725, 1, 0, 210, ]
726, 0, 61, ]
727, 14, ]
728, 3, 0, 25, 90, 38, 14, ]
730, 1, 24, 41, ]
731, 1, 54, 48, 38, 41, 14, ]
732, 1, 0, 420, 41, ]
733, 14, ]
734, 1, 14, ]
735, 1, 235, 219, 14, ]
738, 22, 14, ]
739, 38, 41, ]
741, 301, 14, ]
742, 14, ]
743, 1, ]
746, 1, 0, 25, 90, 172, 192, 41, 14, ]
747, 0, 14, ]
749, 1, 4, 166, 114, 88, 38, ]
753, 14, ]
755, 35, 17, 38, 41, ]
756, 106, ]
757, 0, 53, 14, ]
758, 1, 62, ]
759, 3, 25, 38, ]
760, 1, 14, ]
761, 1, 38, 41, ]
762, 14, ]
764, 65, 131, 261, 149, 41, ]
765, 0, 53, 14, ]
767, 1, 3, 0, 41, 61, ]
768, 0, 25, 38, 41, 61, ]
769, 1, 226, 41, 14, ]
770, 0, 16, 54, 69, 61, ]
771, 3, 38, 34, 14, ]
772, 1, 0, 101, 100, ]
775, 14, ]
776, 14, ]
777, 1, 535, ]
778, 1, 41, 14, ]
780, 142, 14, ]
781, 0, 65, 131, 21, 41, 162, 14, ]
782, 41, ]
784, 14, ]
786, 1, ]
787, 14, ]
789, 1, 4, 22, 88, 751, 504, 14, ]
790, 257, 14, ]
791, 65, 17, 131, 136, 38, 41, 14, ]
792, 14, ]
793, 1, 3, 4, 101, 38, 100, 41, 14, ]
794, 14, ]
795, 1, 14, ]
796, 0, 14, ]
798, 1, 38, 41, ]
799, 493, 14, ]
800, 1, ]
801, 9, 14, ]
802, 14, ]
803, 1, 3, 41, 14, ]
804, 0, 14, ]
805, 1, 0, 103, 61, ]
809, 1, 0, 25, 38, 41, 61, ]
811, 1, 14, ]
813, 101, 14, ]
814, 1, 101, 193, 41, ]
815, 1, 41, 14, ]
816, 1, 14, ]
817, 14, ]
819, 75, 219, 139, 584, 14, ]
820, 0, 25, 99, 53, ]
821, 1, ]
822, 1, 4, 25, 90, 172, 88, 41, ]
823, 14, ]
826, 54, 14, ]
827, 3, 154, 38, ]
829, 1, 0, 53, 41, ]
830, 14, ]
833, 38, 14, ]
834, 1, 3, 0, 16, 41, 61, 14, ]
836, 1, 25, 90, 38, 14, ]
838, 1, 24, 41, ]
843, 1, 3, 41, ]
844, 25, 90, 172, 38, 14, ]
845, 153, 475, ]
849, 219, 38, 183, 61, 14, ]
850, 1, 14, ]
851, 0, 61, 14, ]
852, 1, 257, 38, 41, ]
853, 71, ]
854, 14, ]
855, 1, 9, ]
858, 14, ]
859, 600, ]
860, 1, 35, 112, 235, 124, 301, 371, 101, 53, 100, 41, ]
862, 1, 25, 38, 41, 14, ]
865, 4, 0, 88, 38, 41, 61, 14, 228, ]
867, 1, 0, 17, 38, 41, 210, ]
868, 0, 422, 622, 53, 14, ]
869, 14, ]
872, 1, 3, 0, 23, 41, 61, 228, 797, ]
873, 1, 25, 65, 131, 38, 41, ]
874, 1, 38, 41, 14, ]
876, 1, 0, 14, ]
877, 14, ]
878, 1, 4, 38, 41, 14, ]
879, 0, 15, 61, 14, 228, ]
881, 3, 118, 41, ]
883, 3, 0, 25, 114, 402, 385, 38, 493, ]
885, 0, 16, 61, 14, ]
887, 0, 16, 54, 69, 61, ]
888, 14, ]
889, 14, ]
891, 48, 14, ]
892, 1, 0, 52, 62, 19, 41, 560, 61, 14, ]
894, 1, 16, 38, 41, 426, ]
895, 1, 35, 38, 53, 41, 14, ]
897, 4, 62, 88, 38, 41, ]
899, 14, ]
900, 0, 18, 61, 14, ]
904, 1, 38, 41, 14, ]
905, 101, ]
908, 1, 24, 41, 14, ]
909, 54, 14, ]
910, 1, 0, 251, 101, 38, 100, 41, 14, ]
911, 1, 14, ]
912, 1, 3, 41, ]
914, 14, ]
915, 1, 114, 41, ]
916, 1, 25, ]
917, 25, 90, 38, 14, ]
919, 1, 3, 52, 62, 560, 14, ]
922, 1, 38, 41, ]
923, 251, 38, 41, 14, ]
924, 1, 0, 25, 35, 112, 10, 235, 124, 371, 101, 38, 53, 100, 61, 228, ]
927, 14, ]
928, 1, 14, ]
929, 14, ]
930, 131, 187, 226, 14, ]
931, 14, ]
934, 1, 0, 38, 41, 61, ]
935, 1, 404, 890, ]
936, 14, ]
938, 98, 901, ]
939, 1, 51, 65, 131, ]
941, 1, 38, 41, 14, ]
942, 1, ]
945, 1, 41, 14, ]
946, 3, 0, 112, 235, 371, 53, 14, ]
947, 14, ]
948, 0, 53, ]
949, 1, 828, 41, 361, 14, ]
950, 142, ]
951, 0, 14, ]
952, 1, 14, ]
953, 14, ]
954, 65, 131, 149, 38, 14, ]
956, 3, 65, 131, 149, 14, ]
957, 1, ]
958, 0, 53, ]
959, 0, 532, 14, ]
960, 9, ]
961, 38, 41, 14, ]
962, 1, 41, ]
963, 1, 0, 25, 150, 300, 83, 38, 499, 41, 61, 670, ]
965, 1, 25, 38, 41, 14, ]
968, 0, 35, 112, 235, 124, 286, 371, 101, 88, 53, 100, 41, ]
970, 1, 235, 14, ]
972, 1, 14, ]
974, 272, 14, ]
975, 1, 38, 41, ]
976, 1, 65, 131, 22, 554, ]
977, 25, 166, 38, 41, ]
978, 0, ]
979, 619, 14, ]
980, 0, 35, 254, ]
982, 0, 202, 14, 210, ]
983, 1, ]
984, 1, 38, 41, 14, ]
985, 1, 41, 14, ]
986, 0, 131, 415, ]
987, 1, 3, 41, ]
988, 1, 14, ]
989, 1, 0, 25, 153, 150, 300, 83, 38, 41, 61, 14, 670, ]
992, 142, 14, ]
993, 1, 101, ]
994, 1, 4, 131, 101, 38, 41, ]
995, 219, 14, ]
996, 1, 3, 41, ]
998, 1, ]
999, 1, 256, 101, 100, 41, ]
1000, 14, ]
1003, 1, 41, ]
1004, 1, 54, 14, ]
1005, 1, 0, 18, 38, 41, 61, 14, ]
1006, 4, 0, 25, 88, 135, ]
1008, 101, 38, 100, 41, 545, 14, ]
1009, 99, 142, ]
1010, 14, ]
1011, 54, 716, 14, ]
1012, 0, 201, 14, ]
1014, 1, 4, 88, 38, 41, ]
1016, 54, 14, ]
1018, 1, 0, 41, 61, 14, ]
1019, 1, 25, 38, 41, ]
1022, 1, ]
1023, 4, 25, 12, 65, 131, 300, 151, 83, 88, 149, 41, 14, ]
1025, 1, 3, 41, 14, ]
1026, 14, ]
1027, 1, 14, ]
1028, 14, ]
1029, 104, 14, ]
1032, 41, 14, ]
1033, 14, ]
1034, 1, 3, 41, 14, ]
1035, 15, 955, ]
1036, 0, 25, 300, 62, 83, 38, 990, 14, 210, ]
1037, 1, ]
1038, 1, 0, 38, 41, 504, ]
1039, 14, ]
1040, 14, ]
1041, 4, 0, 235, 595, 88, 38, 41, 61, ]
1042, 1, 4, 88, 38, 41, ]
1044, 14, ]
1045, 114, 14, ]
1047, 1, 0, 25, 90, 172, 192, 41, 14, ]
1048, 14, ]
1051, 14, ]
1052, 1, 0, 65, 131, 14, ]
1053, 14, ]
1054, 0, 61, ]
1055, 1, 25, 300, 83, 38, 41, 14, 670, ]
1057, 1, ]
1058, 1, 3, 0, 41, ]
1059, 14, ]
1061, 0, 35, ]
1063, 1, 75, 41, ]
1064, 1, 0, 103, 61, 14, ]
1065, 1, 14, ]
1067, 288, 14, ]
1068, 1, 65, 131, 149, 41, 14, ]
1071, 14, ]
1072, 1, 38, 41, 14, ]
1073, 14, ]
1076, 270, 61, 14, ]
1077, 25, 101, 38, ]
1079, 14, ]
1081, 38, ]
1082, 4, 471, 256, 88, ]
1083, 14, ]
1085, 14, ]
1086, 1, 14, ]
1088, 0, 61, 228, ]
1089, 14, ]
1091, 235, 14, ]
1092, 14, ]
1093, 54, 14, ]
1094, 1, 0, 35, 38, 41, 14, ]
1095, 1, 41, ]
1097, 1, 3, 41, 14, ]
1098, 0, 61, 14, ]
1099, 1, 25, 90, 38, 41, ]
1100, 14, ]
1102, 14, ]
1103, 1, 38, 41, 14, ]
1105, 493, ]
1106, 3, 219, 41, 14, ]
1107, 1, 54, 471, 256, 101, 38, 100, 41, ]
1108, 0, 112, 235, 502, 53, 41, 14, ]
1110, 1, 0, ]
1111, 0, 53, 41, 699, ]
1112, 1, 4, 88, 38, 41, 14, ]
1113, 14, ]
1114, 1, 38, 41, 14, ]
1116, 1, 9, 62, 53, 1074, 61, 14, 228, ]
1117, 14, ]
1118, 1, 112, 235, 53, 41, 14, 210, ]
1119, 0, 16, 54, 142, 69, 61, 14, ]
1120, 1, 25, 84, 146, ]
1122, 1, 38, 41, ]
1124, 14, ]
1125, 1, 14, ]
1126, 14, ]
1127, 1, 0, 210, ]
1129, 1, 101, 100, 14, ]
1131, 14, ]
1133, 14, ]
1134, 131, 14, ]
1135, 1, 3, 153, 106, 38, ]
1136, 0, ]
1137, 14, ]
1138, 0, 61, ]
1141, 0, 53, 14, ]
1142, 1, 0, 131, 79, 546, 493, 848, ]
1143, 341, 14, ]
1144, 1, 65, 131, 38, 41, ]
1146, 700, 14, ]
1147, 1, 41, 14, ]
1148, 114, 14, ]
1151, 0, 53, 41, ]
1153, 14, ]
1157, 1, 0, 86, 524, 14, ]
1158, 1, 65, 131, 38, 41, ]
1159, 1, 4, 88, 38, 41, ]
1160, 1, 62, 83, 41, 560, ]
1161, 54, 338, 429, 14, ]
1163, 1, 51, 65, 131, 14, ]
1164, 0, 14, ]
1165, 1, 41, ]
1166, 1, 38, 41, ]
1167, 98, ]
1168, 14, ]
1170, 14, ]
1171, 48, 101, 14, ]
1172, 1, 101, 14, ]
1173, 0, 16, 9, 41, 61, 473, ]
1174, 1, 62, 14, ]
1175, 1, 25, 38, 41, 14, ]
1176, 1, 3, 41, 14, ]
1177, 1, ]
1178, 1, 6, 62, 446, 14, ]
1180, 1, 114, 408, 41, 14, ]
1181, 1, 14, ]
1182, 1, 0, 301, 41, 61, ]
1184, 0, 61, 14, ]
1187, 1, 65, 131, 149, 38, ]
1189, 1, 65, 131, 149, 41, ]
1190, 1, 4, 219, 139, 88, 38, 41, 584, ]
1192, 1, 0, 18, 167, 61, ]
1193, 14, ]
1194, 14, ]
1195, 1, 0, 112, 235, 371, 53, 41, 14, ]
1196, 19, 684, ]
1197, 38, 14, ]
1199, 1, 14, ]
1200, 14, ]
1201, 1, 41, ]
1204, 14, ]
1206, 750, 38, 408, 14, ]
1207, 0, 53, 277, ]
1208, 1, 25, 150, 300, 83, 38, 41, 61, 14, 670, ]
1209, 25, 90, 131, 38, 415, ]
1211, 1, 0, 14, 210, 736, ]
1212, 14, ]
1214, 1, 3, 22, 41, ]
1215, 0, 41, ]
1216, 1, 0, 75, 235, 15, 256, 53, ]
1217, 156, 748, ]
1219, 38, ]
1220, 1, 14, ]
1221, 14, ]
1223, 1, 3, 41, ]
1225, 14, ]
1226, 1, 0, 1149, 61, ]
1227, 1, 235, ]
1229, 14, ]
1230, 1, ]
1231, 14, ]
1232, 4, 88, 38, 14, ]
1234, 0, 99, 142, 14, ]
1235, 1, 0, 104, 342, 14, ]
1236, 1, 201, 41, 1007, 524, ]
1238, 1, 25, 38, 41, ]
1239, 14, ]
1240, 38, 41, ]
1241, 14, ]
1243, 14, ]
1244, 3, 17, 154, 41, ]
1245, 1, 101, 100, ]
1246, 14, ]
1247, 1, 0, 448, 61, 228, ]
1248, 1, 38, 41, ]
1250, 65, 131, 41, 14, ]
1251, 14, ]
1252, 1, 3, 41, 14, ]
1253, 0, 106, 219, 41, 14, 210, ]
1254, 14, ]
1256, 24, 62, 41, 14, ]
1257, 1, 0, 101, 38, 41, 14, ]
1258, 1, 35, 112, 99, 142, 187, 101, 53, 122, 943, 325, ]
1260, 1, 4, 0, 65, 131, 28, 88, 149, 38, 210, ]
1263, 0, 61, 14, ]
1264, 65, 131, 261, 149, ]
1265, 61, 14, ]
1266, 1, 22, 38, 41, 14, ]
1267, 1, 0, 35, 14, ]
1268, 1, 41, ]
1269, 1, 408, 41, ]
1270, 1, 4, 38, 41, 14, ]
1272, 1, ]
1273, 99, 142, 14, ]
1274, 14, ]
1276, 9, ]
1277, 1, 14, ]
1278, 1, 25, 38, 41, 14, ]
1279, 3, 0, 26, 65, 131, 149, 38, 41, 460, 210, ]
1280, 0, 131, 53, ]
1281, 62, 114, 144, 560, 14, ]
1282, 1, 35, 112, 235, 124, 371, 101, 53, 100, 41, ]
1284, 0, 54, 14, ]
1289, 1, 16, 25, 166, 48, 402, 38, 41, 228, ]
1290, 1, 4, 0, 12, 142, 88, 38, 41, ]
1291, 1, ]
1292, 14, ]
1293, 0, 18, 61, 14, ]
1294, 14, ]
1295, 4, 0, 54, 286, 38, 41, 618, 14, ]
1296, 1, 3, 54, 41, 446, ]
1297, 1, 41, ]
1298, 1, 38, 41, ]
1300, 1, 65, 131, 187, 149, 41, 14, ]
1301, 41, 14, ]
1302, 1, 0, 65, 131, 149, 41, 61, 14, 228, ]
1304, 1, 4, 88, 38, 41, ]
1305, 1, 4, 286, 38, 493, 41, 61, 14, ]
1306, 1, ]
1307, 1, 0, 38, 41, 61, 14, ]
1308, 54, 338, 429, 14, ]
1309, 0, 14, ]
1311, 1, ]
1312, 114, 14, ]
1313, 14, ]
1315, 1, 75, 41, 14, ]
1316, 1, 153, 187, 14, ]
1317, 0, 389, 14, ]
1318, 1, 41, 14, ]
1319, 1, 38, 41, 14, ]
1320, 14, ]
1321, 1, 0, 35, ]
1322, 504, ]
1323, 14, ]
1324, 1, 3, 385, 493, 41, 14, ]
1325, 1, ]
1326, 1, 3, 65, 131, 41, ]
1327, 1, 38, 41, ]
1328, 257, ]
1329, 0, 9, 831, ]
1332, 1, 41, ]
1333, 101, 100, 493, 1002, ]
1334, 1, 4, 88, 38, 41, ]
1336, 71, 14, ]
1337, 482, ]
1338, 1, 235, 1121, 14, ]
1339, 1, 65, 17, 131, 38, 41, 541, 508, ]
1340, 1, 38, 41, ]
1341, 1, 0, 150, 300, 83, 61, 14, 670, ]
1342, 1, 65, 131, 261, 45, 149, 41, ]
1343, 0, ]
1344, 14, ]
1346, 1, ]
1348, 235, 101, 38, 41, 14, ]
1349, 1, 0, 101, 41, 61, ]
1350, 1, 25, 79, 38, 493, 41, 14, ]
1351, 1, ]
1352, 1, 41, 14, ]
1353, 0, 35, 14, ]
1354, 14, ]
1356, 17, 101, 38, 100, 41, ]
1357, 14, ]
1358, 0, 112, 235, 371, 53, 41, ]
1359, 1, 0, 112, 235, 38, 53, 14, ]
1360, 0, 131, ]
1362, 14, ]
1363, 3, 24, ]
1365, 219, ]
1366, 1, 0, 389, 38, 41, ]
1367, 1, 41, ]
1368, 1, 0, 112, 235, 53, 41, ]
1369, 15, ]
1370, 14, ]
1372, 1, 3, 83, 41, 14, ]
1373, 1, 14, ]
1376, 14, ]
1377, 1, 4, 88, 38, 41, 14, ]
1378, 54, ]
1379, 1, 14, ]
1380, 1, 38, 41, ]
1381, 300, 83, ]
1382, 0, 51, 65, 131, 14, 210, ]
1384, 4, 38, ]
1385, 0, ]
1386, 0, 35, 788, 1150, 14, ]
1388, 1, ]
1389, 0, 535, 61, 14, ]
1390, 35, 112, 235, 124, 371, 101, 53, 100, 41, ]
1391, 54, 14, ]
1394, 1, 90, 300, 83, 41, ]
1395, 1, 62, ]
1396, 1, 3, 0, 26, 65, 131, 149, 460, 210, ]
1397, 0, 150, 300, 63, 402, 83, 499, 825, 61, 14, 670, ]
1399, 0, 53, 14, ]
1400, 0, 622, 38, 53, 41, 14, ]
1402, 3, 14, ]
1403, 1, ]
1404, 171, 252, ]
1405, 0, 35, ]
1406, 1, 4, 88, 38, 41, 14, ]
1407, 1, 3, 101, 38, 53, 100, 236, ]
1408, 0, 99, 142, 143, ]
1409, 1, 3, 4, 57, 88, 38, 227, 14, ]
1410, 1, 3, 41, 14, ]
1411, 0, 14, ]
1412, 1, 520, 493, 14, ]
1413, 14, ]
1414, 114, 14, ]
1415, 1, 41, 14, ]
1416, 1, 65, 131, 219, 139, 149, 41, 584, ]
1417, 65, 131, ]
1418, 65, 131, 149, 41, 14, ]
1419, 1, 16, 61, 473, ]
1420, 1, 38, 41, ]
1421, 1, 25, 36, 38, 41, 14, ]
1423, 131, 14, ]
1424, 14, ]
1427, 737, 14, ]
1429, 1, 38, 41, 14, ]
1430, 1, 0, 65, 131, 395, 41, 61, ]
1433, 1, 24, 14, ]
1436, 14, ]
1437, 973, 14, ]
1438, 0, 35, 112, 10, 235, 124, 371, 53, 100, 41, 61, 228, ]
1439, 1, 114, 101, 38, 41, 1017, 61, ]
1440, 0, 35, ]
1441, 1, 3, 41, ]
1442, 1, 0, 9, 24, 38, 53, 41, 1015, 14, ]
1443, 1, ]
1444, 524, 510, 14, ]
1445, 14, ]
1446, 1, 0, 25, 101, 38, 100, 41, 14, ]
1447, 114, ]
1450, 3, 48, 62, 38, 41, 14, ]
1452, 1, 4, 88, 38, 41, ]
1453, 1, 141, ]
1455, 14, ]
1456, 1, 0, 93, 622, 53, 14, ]
1457, 14, ]
1458, 1, 14, ]
1459, 14, ]
1460, 1, 65, 131, 28, 149, 41, ]
1461, 99, 142, ]
1462, 1, 235, 14, ]
1465, 0, 75, 14, ]
1466, 0, 53, ]
1467, 14, ]
1468, 1, 153, 41, ]
1469, 1, 4, 0, 44, 38, 53, 41, 797, ]
1470, 101, 100, 1198, ]
1472, 38, 14, ]
1473, 1, 0, 235, ]
1474, 16, 54, 69, ]
1475, 14, ]
1477, 1, 25, 90, 226, 172, 38, 41, ]
1481, 14, ]
1482, 1, 3, 41, 14, ]
1483, 14, ]
1484, 4, 88, 38, 41, 14, ]
1485, 1, 0, 131, 18, 38, 353, 41, 61, 14, ]
1486, 1, 41, 14, ]
1487, 0, 35, 925, ]
1488, 14, ]
1489, 1, 25, 54, 38, 14, ]
1490, 1, 3, 9, 17, 38, ]
1492, 0, ]
1493, 14, ]
1494, 1, 14, ]
1495, 1, 25, 300, 83, 657, 101, 38, 100, 41, 740, 14, ]
1496, 0, 35, 14, ]
1497, 14, ]
1498, 25, 90, 172, 38, ]
1499, 1, 0, 14, ]
1500, 1, 25, 38, 41, 14, ]
1501, 1, 21, ]
1502, 14, ]
1503, 1, 41, ]
1504, 1, 99, 142, 14, ]
1505, 142, ]
1506, 1, 38, 41, ]
1508, 22, 14, ]
1509, 1, 0, 131, 448, 61, 14, 228, ]
1510, 1, ]
1511, 1, 101, 38, 100, 41, 545, 14, ]
1513, 14, ]
1514, 219, 38, 41, 14, ]
1517, 112, 75, 235, 441, 101, 38, 100, 861, 41, 566, 14, ]
1518, 1, 0, 61, 210, ]
1519, 1, 0, 61, 737, 228, ]
1520, 3, ]
1521, 166, 14, ]
1522, 106, ]
1525, 1, 0, 51, 65, 131, 14, ]
1526, 14, ]
1527, 4, 35, 88, 38, 41, 14, 210, ]
1528, 1, 3, 0, 1128, 14, ]
1529, 1, 101, 41, 1364, 14, ]
1531, 1, 54, 20, 201, 41, 920, ]
1533, 1, 14, ]
1534, 1, 38, 41, ]
1535, 1, 4, 12, 65, 131, 151, 88, 149, 38, ]
1537, 41, 896, 14, ]
1539, 3, 189, 493, 41, 14, ]
1543, 1, 25, 45, 38, 41, 14, ]
1544, 1, 797, ]
1546, 14, ]
1548, 1, 38, 41, ]
1550, 1, 0, 1140, 61, 14, ]
1551, 14, ]
1552, 0, ]
1554, 25, 38, 41, 14, ]
1556, 0, 103, 38, 41, 61, 14, ]
1558, 1, 15, 41, 14, ]
1559, 1, 3, 4, 0, 88, 38, 61, 14, ]
1560, 14, ]
1561, 0, 61, ]
1563, 1, ]
1564, 532, 619, 14, ]
1565, 1, 0, 25, 166, 150, 300, 83, 38, 41, 61, 670, ]
1566, 14, ]
1567, 1, 3, 0, 75, 251, 41, 342, ]
1568, 1, ]
1569, 0, 1523, 41, 504, ]
1570, 1, 0, 59, 38, 41, 61, 14, ]
1571, 54, 131, 14, ]
1572, 1, 14, ]
1573, 14, ]
1574, 1, 48, 41, ]
1575, 1, 38, 41, 159, 14, ]
1577, 14, ]
1578, 14, ]
1579, 0, 35, ]
1581, 0, 150, 300, 63, 402, 83, 101, 100, 499, 825, 61, 670, ]
1583, 14, ]
1584, 4, 62, 38, 560, ]
1585, 0, 112, 38, 53, 360, 41, ]
1586, 1, 25, 300, 614, 83, 38, 41, 14, 670, ]
1587, 14, ]
1588, 0, 16, 54, 69, 61, ]
1589, 1, 41, 14, ]
1590, 62, 14, ]
1592, 1, 25, 38, 41, 14, ]
1593, 1, 0, 38, 41, 14, ]
1594, 1, 3, 9, 187, 943, 41, ]
1596, 14, ]
1597, 0, 65, 131, 61, 1062, 14, ]
1599, 0, ]
1600, 65, 131, ]
1601, 1, 17, 38, ]
1603, 0, 53, ]
1605, 38, 14, ]
1606, 1, 51, 65, 131, 14, ]
1607, 291, ]
1609, 1, 0, 112, 235, 371, 53, 41, ]
1610, 1, 24, 41, 14, ]
1611, 1, 4, 57, 88, 38, 408, 14, ]
1612, 35, 112, 235, 53, 41, ]
1613, 1, 65, 131, 38, 493, 41, ]
1614, 1, 14, ]
1617, 101, 14, ]
1618, 0, 41, ]
1619, 14, ]
1620, 0, 112, 235, 53, 41, ]
1621, 1, 41, 14, ]
1623, 1, ]
1624, 1, 0, 38, 41, ]
1626, 14, ]
1627, 1, 14, ]
1628, 1, 4, 88, 38, 41, ]
1629, 1, 25, 402, 38, 41, 14, ]
1631, 1, 535, 21, ]
1632, 142, 38, 41, ]
1633, 1, 1480, ]
1635, 14, ]
1636, 1, 0, 35, 54, 633, 14, ]
1637, 1, ]
1638, 1, 0, 41, 61, ]
1639, 14, ]
1640, 1, 3, 99, 142, 143, 41, 61, 14, ]
1641, 14, ]
1643, 1, 0, 25, 38, 41, ]
1644, 1, 104, 41, 1050, ]
1645, 1, 38, 41, 455, 14, ]
1646, 9, 153, ]
1648, 16, 53, 1532, 61, 14, ]
1649, 1, 65, 131, 149, 41, ]
1651, 1, 0, 65, 131, 149, 41, ]
1652, 4, 0, 286, 38, 14, ]
1653, 1, 14, ]
1655, 1, 25, 38, 41, ]
1656, 1, 41, 14, ]
1657, 0, 14, 210, ]
1658, 3, 0, 35, 112, 99, 142, 187, 122, 943, 41, 325, 14, ]
1659, 25, 90, 38, 14, ]
1660, 0, 112, 235, 53, 41, 871, 14, ]
1661, 1, ]
1662, 54, 14, ]
1663, 321, 14, ]
1664, 1, 4, 0, 35, 38, 41, ]
1667, 0, 53, 14, ]
1668, 1, 41, ]
1670, 101, 100, 14, ]
1671, 14, ]
1672, 1, 4, 88, 38, ]
1673, 142, 14, ]
1674, 1, 187, 62, 38, 216, 41, ]
1675, 14, ]
1677, 1069, ]
1678, 1, 3, 41, ]
1679, 0, 61, 14, ]
1680, 0, 61, 14, ]
1681, 1, 25, 79, 114, 38, 493, 41, ]
1682, 235, 1101, 14, ]
1683, 1, 0, 35, 48, 1013, ]
1684, 1, 41, 14, ]
1685, 1, 38, 41, 14, ]
1686, 600, 14, ]
1687, 99, 142, 14, ]
1688, 1, 22, 187, 41, 14, ]
1689, 14, ]
1690, 1, 65, 131, ]
1691, 14, ]
1693, 1, 38, 41, ]
1694, 0, ]
1695, 0, 150, 300, 471, 256, 83, 38, 41, 488, 61, 14, 670, ]
1696, 0, 35, 14, ]
1698, 0, 16, 61, 14, ]
1699, 14, ]
1700, 25, 402, 38, 408, 14, ]
1701, 1, ]
1702, 1, 4, 0, 24, 88, 205, 41, 14, 797, ]
1705, 14, ]
1706, 101, 282, 41, 14, ]
1707, 25, 35, 112, 235, 124, 371, 53, 100, 41, 1540, 14, ]
1708, 3, 235, 41, ]
1709, 14, ]
1710, 502, ]
1711, 15, 614, ]
1713, 14, ]
1714, 131, 75, 14, ]
1715, 114, ]
1717, 1, ]
1718, 1, 3, 41, 14, ]
1720, 1, 139, 41, ]
1722, 1, 0, 493, 14, ]
1723, 0, 61, ]
1724, 1, 41, 14, ]
1725, 1, 53, 61, 1666, 14, ]
1727, 1, 14, ]
1728, 14, ]
1729, 1, 38, 41, 14, ]
1730, 1, 0, 52, 62, 41, 560, 14, ]
1731, 0, 61, 14, 228, ]
1732, 1, 48, 14, ]
1733, 14, ]
1734, 0, 53, ]
1735, 17, 38, 41, 14, ]
1736, 38, 41, 14, ]
1738, 14, ]
1739, 1, 0, 79, 546, 256, 493, 14, ]
1741, 1, ]
1742, 1, 0, 79, 546, 493, 14, ]
1743, 301, ]
1745, 14, ]
1746, 1, 25, 51, 65, 131, 300, 83, 38, 41, ]
1747, 3, 4, 88, 38, 14, ]
1749, 1, 25, 22, 38, 41, 1031, 14, ]
1750, 520, ]
1751, 1, 14, ]
1752, 0, 35, ]
1753, 9, 14, ]
1754, 1, 41, 14, ]
1755, 0, ]
1756, 3, 201, 41, 14, ]
1757, 52, 62, 38, 560, 14, ]
1758, 14, ]
1759, 1, 25, 300, 83, 38, 41, 14, ]
1760, 54, ]
1762, 1, 19, 14, ]
1765, 0, 61, 14, ]
1766, 1, 14, ]
1767, 1, 0, 65, 131, 388, 149, 41, 664, 61, ]
1768, 1, 54, 65, 131, 716, 149, 41, ]
1769, 1, 38, 41, 14, ]
1771, 1, 25, 36, 38, ]
1772, 219, ]
1773, 54, 14, ]
1774, 0, 14, ]
1775, 112, 235, 103, 371, 53, 61, 14, ]
1779, 131, 415, 14, ]
1781, 14, 210, ]
1783, 1, 4, 38, 41, ]
1784, 1, 98, 14, ]
1785, 0, 35, 65, 131, 101, 100, ]
1786, 3, 41, ]
1787, 14, ]
1788, 1, 24, 41, ]
1789, 41, 1355, ]
1790, 219, 139, 584, ]
1791, 1, 0, 38, 53, 41, ]
1792, 0, 1608, 14, 210, ]
1793, 1, 41, 14, ]
1794, 1, 3, 25, 166, 300, 154, 83, 657, 101, 100, 41, ]
1795, 1, 193, 41, 14, ]
1797, 14, ]
1799, 1, 65, 131, 101, 14, 1449, ]
1800, 1, 101, 38, 41, ]
1801, 0, 153, 53, 14, ]
1802, 0, ]
1803, 3, 189, 493, 41, ]
1804, 1, 25, 38, 41, 14, ]
1805, 14, ]
1806, 41, 14, ]
1807, 142, 14, ]
1808, 1, 9, 471, 256, 38, 41, 1721, 61, ]
1809, 101, 100, ]
1810, 1, 0, 41, 61, ]
1811, 14, ]
1812, 38, 41, ]
1814, 4, 0, 235, 595, 88, 38, 41, 61, 14, ]
1815, 1, 25, 38, 41, 14, ]
1817, 1, 918, 41, 14, ]
1818, 14, ]
1819, 35, 112, 235, 124, 371, 101, 53, 100, 41, 14, ]
1820, 1, 114, 38, 41, 14, ]
1821, 101, 100, 1562, ]
1822, 1, ]
1824, 1, 41, 14, ]
1826, 385, 493, 14, ]
1827, 1, 14, ]
1829, 14, ]
1831, 51, 65, 131, 14, ]
1832, 1, 38, 41, ]
1834, 3, 0, 235, 41, 14, ]
1835, 1, ]
1836, 166, 14, ]
1838, 0, 35, 38, ]
1839, 1, ]
1840, 4, 0, 25, 88, 135, ]
1841, 14, ]
1842, 235, 41, 14, ]
1843, 1, 3, 199, 41, ]
1844, 1, 14, ]
1845, 14, ]
1846, 142, ]
1848, 1, 65, 131, 261, 149, 41, ]
1849, 0, 17, 38, 41, 61, 14, ]
1850, 1, 25, 90, 114, 38, ]
1851, 1, 0, 422, 61, ]
1853, 14, ]
1854, 1, 48, 104, ]
1855, 1, 0, 25, 54, 38, 53, 41, 14, ]
1856, 1, 41, 14, ]
1857, 504, 14, ]
1858, 288, ]
1859, 0, ]
1860, 1, 131, 38, ]
1861, 14, ]
1862, 1, 3, 41, 14, ]
1864, 1, 112, 235, 41, 14, ]
1865, 1, 4, 38, 41, ]
1866, 1, 25, 38, 41, ]
1867, 14, ]
1868, 1, 0, 25, 150, 300, 83, 38, 499, 41, 61, 14, 670, ]
1869, 54, 257, ]
1870, 62, 14, ]
1871, 0, 16, 41, 61, 473, ]
1873, 1, 38, 41, ]
1875, 1, 0, 112, 235, 53, 41, ]
1876, 0, 1347, 61, 14, ]
1877, 14, ]
1878, 1, 65, 131, 153, 475, 41, ]
1880, 818, ]
1881, 1, ]
1882, 1, 38, 41, 14, ]
1883, 14, ]
1885, 14, ]
1886, 0, 65, 131, 18, 149, 41, 61, ]
1887, 0, 14, ]
1888, 1, 65, 131, 149, 41, ]
1890, 101, 14, ]
1891, 219, 101, 14, ]
1893, 1, 41, 14, ]
1894, 0, 61, ]
1895, 1, 6, 62, 446, ]
1896, 1, 0, 38, 41, 61, 14, ]
1897, 1, 101, 213, 100, ]
1898, 1, 4, 0, 270, 88, 38, 41, 61, 14, ]
1902, 14, ]
1904, 1, 3, 4, 12, 65, 131, 151, 88, 149, 14, ]
1906, 0, ]
1907, 14, ]
1909, 1, 41, ]
1910, 1, 4, 0, 25, 24, 41, 1191, ]
1911, 1, 14, ]
1912, 3, 0, 25, 90, 172, 192, 14, ]
1913, 1, 0, 171, 41, ]
1914, 14, ]
1915, 1, 0, 441, 41, 61, 1056, 14, ]
1916, 9, 38, 41, ]
1917, 1, 0, 14, 210, ]
1918, 14, ]
1919, 14, ]
1920, 650, ]
1921, 25, 99, 142, 38, 41, 14, ]
1922, 619, ]
1923, 1, 25, 150, 300, 83, 38, 53, 41, 61, 14, 670, ]
1924, 1, 0, 44, 101, 38, 53, 100, 41, ]
1925, 381, ]
1927, 3, 0, 154, 38, 41, 14, 210, ]
1928, 1, 4, 0, 35, 88, 38, 41, 14, ]
1929, 524, 14, ]
1930, 1, 41, 14, ]
1931, 1, 14, ]
1932, 257, 53, 14, ]
1935, 101, 367, ]
1936, 1, 0, 61, ]
1938, 14, ]
1939, 1, 0, 20, 17, 136, 38, 14, ]
1940, 422, 1401, ]
1941, 1, 3, 41, 14, ]
1943, 1, 41, ]
1945, 1, 14, ]
1946, 14, ]
1947, 1, 41, ]
1948, 14, ]
1949, 0, 61, 228, ]
1950, 684, 14, ]
1952, 14, ]
1953, 54, ]
1954, 1, ]
1955, 114, 14, ]
1956, 1, 38, 41, ]
1957, 1, 0, 62, ]
1959, 1, 235, 104, 14, ]
1960, 0, 35, 41, 14, ]
1961, 25, 90, 38, 1202, 14, ]
1962, 99, 142, 825, 14, ]
1963, 1, 25, 38, 41, ]
1964, 1, 256, 41, ]
1965, 1, 0, 14, ]
1966, 14, ]
1967, 54, 14, ]
1968, 1, 24, 75, 41, 14, ]
1970, 1, 9, 235, 14, ]
1971, 1, 14, ]
1972, 65, 131, ]
1973, 1, 4, 88, 38, 41, 14, ]
1974, 51, 65, 131, 101, 38, 100, 41, 545, 14, ]
1975, 1, 25, 38, 41, ]
1976, 1, ]
1977, 14, ]
1978, 1, 0, 25, 300, 83, 41, 61, 14, 670, ]
1980, 0, 61, ]
1981, 118, 101, ]
1982, 1, 142, 101, 41, 14, ]
1983, 14, ]
1984, 153, ]
1985, 1, 0, 28, 149, 41, ]
1986, 4, 17, ]
1988, 1, 306, 14, ]
1989, 22, 114, ]
1990, 0, 54, 338, 53, 429, ]
1991, 1, 150, 300, 63, 62, 114, 402, 83, 246, 499, 825, 41, 1669, 560, 61, 670, ]
1992, 1, 14, ]
1993, 14, ]
1995, 532, ]
1996, 41, ]
1998, 1, 4, 0, 286, 38, 41, 14, ]
1999, 0, 45, 101, 53, 1530, 14, ]
2002, 0, 420, 41, 2000, 14, ]
2004, 14, ]
2005, 1, 4, 88, 38, 41, 14, ]
2007, 1, 14, ]
2008, 1, 65, 131, 149, 41, 14, ]
2009, 1, 38, 41, 14, ]
2010, 1, 38, 41, 111, 14, ]
2011, 131, 14, ]
2012, 14, ]
2013, 0, ]
2014, 14, ]
2015, 1, 41, ]
2017, 101, 100, ]
2018, 1, 0, 35, 41, 14, ]
2019, 25, 98, 38, 41, ]
2020, 0, ]
2021, 48, 14, ]
2022, 3, 38, ]
2023, 1, 0, 61, ]
2024, 0, 142, 254, 61, ]
2025, 1, 0, 219, 388, 139, 101, 213, 141, 100, 41, 832, 1576, 584, 1375, 14, ]
2026, 1, 14, ]
2027, 106, 14, ]
2028, 25, ]
2029, 3, 226, 288, ]
2031, 1, 14, ]
2032, 14, ]
2033, 1, 41, 14, ]
2034, 1, ]
2035, 493, 14, ]
2036, 1, 3, 62, 750, 408, 41, 1669, 560, 14, ]
2037, 219, 14, ]
2038, 1, 3, 25, 65, 131, 101, 149, 38, 100, 41, 1066, ]
2039, 1255, 14, ]
2040, 38, 41, 14, ]
2041, 2, ]
2042, 25, 90, 38, 14, ]
2043, 1, 103, 61, 14, ]
2044, 1, 3, 302, 41, ]
2045, 14, ]
2046, 1, 41, ]
2047, 1, 4, 0, 270, 88, 38, 41, 61, 14, ]
2049, 1, 408, 41, ]
2050, 54, 482, 41, ]
2051, 1, 0, 210, ]
2052, 14, ]
2053, 1, 0, 187, 53, ]
2054, 201, 14, ]
2055, 15, ]
2057, 1, 0, 25, 150, 300, 83, 38, 41, 61, 670, ]
2058, 1, ]
2059, 0, 38, 41, 210, ]
2060, 1, 216, ]
2061, 61, ]
2062, 1, 0, 54, 53, 41, ]
2063, 1, 16, 65, 131, 14, ]
2066, 1, 4, 38, 41, 14, ]
2067, 1, 38, 41, ]
2069, 166, 14, ]
2070, 101, 14, ]
2071, 301, 101, 14, ]
2072, 0, 251, 38, 41, 269, ]
2073, 1, ]
2074, 19, 14, ]
2075, 14, ]
2076, 0, 65, 9, 131, 18, 61, 14, ]
2077, 4, 24, 88, 38, 277, ]
2079, 25, 38, ]
2080, 1, 38, 41, ]
2082, 14, ]
2084, 1, 235, ]
2086, 0, 14, ]
2088, 547, 14, ]
2089, 131, 14, ]
2090, 114, ]
2093, 1, 235, 14, ]
2094, 0, 14, ]
2095, 1, 3, 41, 14, ]
2096, 1, 41, 14, ]
2097, 7, 100, 41, ]
2098, 62, ]
2099, 17, 38, 41, ]
2101, 1, 38, 41, 14, ]
2102, 1, 0, 35, 62, 41, 560, 14, ]
2103, 1, 14, ]
2104, 0, 61, 14, ]
2105, 1, 3, 41, 14, ]
2106, 0, 61, 14, ]
2107, 504, 14, ]
2108, 14, ]
2109, 1, 14, ]
2112, 14, ]
2113, 1, ]
2114, 1, 0, 166, 41, ]
2118, 1, 25, 402, 38, 41, 14, ]
2119, 0, 788, 53, 14, ]
2120, 0, 112, 235, 53, 41, 14, ]
2122, 25, ]
2123, 1, 65, 131, 114, 149, 41, 14, ]
2124, 1, 235, 487, 14, ]
2125, 0, 16, 41, 61, 14, 473, ]
2126, 482, 14, ]
2128, 1, 0, 101, 53, 100, ]
2129, 1, 71, 395, 41, 14, ]
2130, 1, 0, 112, 9, 131, 235, 38, 53, 415, ]
2131, 1, 41, 14, ]
2132, 25, 131, 38, 353, 41, 14, ]
2135, 153, ]
2136, 14, ]
2137, 25, 90, 172, 38, 14, ]
2138, 1, ]
2139, 35, 54, 112, 235, 124, 338, 371, 101, 53, 100, 41, 429, 14, ]
2140, 0, 441, 408, 14, ]
2141, 48, ]
2142, 14, ]
2143, 38, 41, ]
2144, 1, 3, 41, ]
2145, 54, ]
2146, 1, 0, 24, 41, 921, 61, 797, ]
2147, 0, 14, ]
2148, 0, 41, 61, 14, ]
2149, 1, 3, 34, 41, ]
2150, 1, 25, 90, 41, ]
2151, 4, 99, 142, 101, 88, 38, 100, 14, ]
2152, 1, 0, 61, 228, ]
2153, 1, 219, 62, 14, ]
2154, 131, 142, ]
2155, 65, 131, ]
2156, 1, 319, 408, 41, 1825, ]
2157, 1, ]
2159, 14, ]
2160, 1, 25, 79, 101, 38, 493, 41, 14, ]
2161, 1, 0, 101, 240, 1426, 61, 14, 228, ]
2162, 1, 38, 41, ]
2163, 1, 0, 41, 61, 14, 228, ]
2164, 0, ]
2167, 1, 65, 131, 41, ]
2168, 104, ]
2170, 1, 38, 41, 14, ]
2171, 1, ]
2172, 1, 3, 0, 41, 14, ]
2173, 22, 14, ]
2174, 1, 25, 38, 41, ]
2175, 14, ]
2176, 1, ]
2177, 14, ]
2178, 14, ]
2179, 1, 3, ]
2180, 0, 18, 61, ]
2181, 16, 54, 69, 38, 41, 61, 210, ]
2182, 4, 0, 65, 131, 28, 149, 38, 53, ]
2183, 25, 38, ]
2184, 1, 0, 622, 53, 14, ]
2185, 1, 131, 1798, ]
2186, 0, 61, 14, ]
2187, 1, 0, 35, 62, 41, 560, ]
2188, 0, 61, 14, ]
2189, 0, 38, 41, 14, ]
2190, 1, 99, 142, 301, 38, 41, 1748, ]
2191, 1, 53, 210, ]
2192, 142, ]
2193, 1, 4, 0, 112, 235, 371, 88, 38, 53, 14, ]
2195, 1, 45, 14, ]
2197, 1, 0, 41, 14, ]
2200, 1, 41, 14, ]
2201, 1, 38, 41, ]
2204, 1, 14, ]
2205, 14, ]
2206, 1, 235, 14, ]
2207, 14, ]
2208, 107, 14, ]
2210, 1, 38, 41, 14, ]
2211, 14, ]
2213, 25, 150, 300, 83, 38, 499, 41, 1398, 570, 61, 670, ]
2214, 1, ]
2215, 0, ]
2218, 1, 3, 41, ]
2219, 3, 35, 101, 100, 236, 41, 940, ]
2220, 14, ]
2222, 1, 0, 38, 41, 14, ]
2223, 1, 4, 88, 38, 41, ]
2224, 114, 14, ]
2225, 1, 25, 38, 41, 14, ]
2226, 22, ]
2227, 14, ]
2228, 0, 25, 90, 38, 61, ]
2230, 0, 61, ]
2232, 14, ]
2233, 9, 131, 493, 41, 14, ]
2234, 828, 361, ]
2235, 25, 65, 131, 149, 38, 14, ]
2236, 1, 62, ]
2238, 1, 54, ]
2239, 15, 101, 100, 409, ]
2241, 1, 93, 622, 53, ]
2242, 1, 83, 38, 41, 14, ]
2243, 1, 14, ]
2244, 1, 251, 38, 41, ]
2245, 65, 131, 14, ]
2246, 35, 112, 235, 124, 371, 101, 53, 100, 41, ]
2247, 3, 0, 153, 475, 53, ]
2248, 1, 0, ]
2249, 101, 14, ]
2250, 0, 101, 240, 61, 228, ]
2251, 38, 14, ]
2252, 0, 54, 502, 1104, 1515, ]
2253, 1, 24, 389, 41, ]
2254, 1, 535, 921, 14, ]
2255, 114, ]
2257, 14, ]
2258, 1, 65, 131, ]
2261, 14, ]
2263, 38, 41, ]
2264, 1, 4, 0, 103, 38, 61, ]
2265, 14, ]
2266, 1, 4, 0, 88, 38, 41, 14, ]
2267, 41, ]
2268, 0, 104, 61, 14, ]
2269, 600, ]
2270, 1, 0, 38, 41, 61, ]
2271, 3, 0, 35, 385, 493, 41, ]
2272, 0, ]
2273, 14, ]
2274, 0, 25, 35, 402, 2048, 14, ]
2275, 1, 14, ]
2276, 14, ]
2277, 1, 0, 25, 51, 150, 300, 261, 83, 149, 38, 61, 670, ]
2278, 3, 0, 41, 460, 210, ]
2279, 1, 201, 41, ]
2280, 14, ]
2282, 1, 38, 41, ]
2283, 1, 41, ]
2285, 341, ]
2286, 1, 9, 14, ]
2287, 1, 25, 38, 41, ]
2288, 14, ]
2290, 1, 38, 41, 14, ]
2291, 0, 62, 2289, 14, ]
2292, 106, ]
2293, 1, 3, 41, ]
2294, 219, ]
2295, 4, 0, 16, 54, 131, 69, 88, 38, 41, 61, 14, ]
2297, 48, ]
2298, 0, 14, ]
2299, 1, 41, 1997, 14, ]
2300, 1, 14, ]
2302, 1, 389, 38, 41, 14, ]
2303, 0, 35, 737, 14, ]
2304, 0, 114, 38, 41, 1017, 61, ]
2305, 1, ]
2306, 25, 150, 300, 83, 38, 499, 41, 448, 670, 228, ]
2307, 1, 0, 24, 15, 420, 41, 1899, 14, ]
2308, 1, 0, 118, 61, 14, ]
2310, 0, 61, ]
2311, 153, 520, ]
2313, 1, 4, 12, 88, 38, 41, 14, ]
2314, 1, 14, ]
2315, 75, 14, ]
2317, 14, ]
2319, 1, 0, 24, 502, 53, 41, 14, ]
2320, 1, 14, ]
2321, 14, ]
2322, 3, 0, 142, 41, 210, ]
2323, 1, 0, 112, 235, 38, 53, 360, ]
2324, 0, ]
2327, 14, ]
2328, 25, 235, 38, 41, ]
2329, 1, 254, 41, ]
2330, 3, 38, ]
2331, 54, ]
2333, 1, 41, 14, ]
2334, 1, 25, 90, 38, 14, ]
2335, 65, 131, ]
2336, 1, 471, 256, 101, 38, 41, 14, ]
2337, 1, 235, 101, ]
2338, 1, 4, 25, 131, 73, 219, 88, 415, ]
2340, 493, ]
2342, 1, 17, 79, 546, 38, 493, 41, ]
2344, 1, 3, 154, 38, 14, ]
2345, 54, 14, ]
2346, 14, ]
2347, 65, 131, ]
2348, 1, 4, 88, 1852, ]
2349, 65, 131, 101, 149, 100, 14, ]
2350, 1, 0, 38, 41, 61, ]
2352, 0, 61, 14, ]
2353, 1, 14, ]
2355, 0, 35, 112, 10, 235, 124, 371, 101, 828, 53, 100, 41, 361, 61, 228, ]
2356, 114, ]
2357, 0, 35, 14, ]
2358, 14, ]
2359, 1, 14, ]
2362, 0, 61, 228, ]
2364, 14, ]
2365, 1, 0, 18, 41, 61, ]
2367, 1, 3, 4, 88, 38, 524, 14, ]
2368, 388, ]
2369, 1, 38, 41, 14, ]
2370, 14, ]
2371, 1, 101, 100, ]
2372, 1, 62, 2202, 14, ]
2373, 1, 4, 286, 38, 53, 41, 2341, 61, 228, ]
2374, 99, 142, ]
2375, 131, 14, ]
2376, 0, 112, 235, 53, 41, 1994, ]
2377, 4, 38, 41, ]
2378, 14, ]
2379, 25, 38, ]
2380, 14, ]
2381, 1, 509, 41, 14, ]
2382, 1, 166, ]
2383, 0, 38, 53, 14, ]
2384, 14, ]
2385, 14, ]
2386, 114, 14, ]
2387, 1, ]
2388, 1, 0, 35, 422, ]
2389, 14, ]
2391, 1, 219, 139, 38, 41, 584, 504, 14, ]
2392, 1, 0, 61, 14, ]
2393, 0, 15, 14, ]
2394, 0, 61, ]
2395, 14, ]
2397, 3, 41, ]
2398, 139, ]
2399, 0, 14, ]
2400, 1, ]
2401, 1, 38, 41, ]
2402, 14, ]
2403, 1, 3, 106, 41, 14, ]
2404, 1, ]
2405, 22, 257, 1591, 14, ]
2406, 219, ]
2407, 1, 0, 25, 150, 300, 83, 38, 41, 61, 14, 670, ]
2409, 25, 90, 38, 14, ]
2410, 1, 41, ]
2411, 1, 4, 12, 65, 131, 151, 88, 149, 38, 14, ]
2412, 1, 51, 65, 99, 131, 142, ]
2413, 0, 25, 90, 17, 136, 53, 1024, ]
2414, 48, 14, ]
2415, 0, ]
2417, 1, 193, 41, ]
2418, 1, ]
2420, 14, ]
2421, 0, 622, 38, 53, 943, 41, ]
2422, 14, ]
2423, 0, 54, 65, 131, 101, 14, ]
2424, 1, 24, 101, 38, 1987, 14, ]
2425, 1, 62, ]
2426, 14, ]
2427, 1, 41, 14, ]
2428, 1, 0, 35, 925, 14, ]
2429, 1, 25, 38, 41, 14, ]
2430, 1, 41, 14, ]
2431, 1, 3, 0, 41, 61, ]
2434, 65, 131, 14, ]
2435, 0, 54, 131, 187, 53, 14, ]
2437, 14, ]
2438, 1, 4, 88, 38, 41, 14, ]
2439, 1, 0, 25, 35, 38, 41, ]
2440, 1, 0, 9, 210, ]
2442, 1, ]
2443, 1, 41, ]
2444, 14, ]
2446, 14, ]
2447, 1, 235, 41, ]
2448, 0, 14, ]
2450, 1, 0, 210, ]
2451, 1, 901, ]
2452, 1, 25, 402, 38, 41, 14, ]
2453, 1, 83, ]
2454, 14, ]
2455, 14, ]
2456, 1, 4, 38, 41, 14, ]
2457, 235, 14, ]
2458, 0, 684, 342, 14, ]
2459, 22, 153, 101, 100, ]
2461, 1, 75, 41, 14, ]
2463, 65, 131, 149, 41, ]
2464, 1, 41, 884, 14, ]
2465, 65, 131, 149, 14, ]
2466, 1, 0, 25, 90, 257, 172, 192, 41, 14, ]
2468, 1, 0, 14, ]
2470, 0, 18, 61, 14, ]
2471, 1, 38, 41, ]
2472, 25, 17, 300, 154, 83, 38, 41, 14, ]
2473, 0, 35, 104, ]
2474, 0, 101, 38, 100, 41, 545, 61, 14, ]
2475, 788, ]
2476, 1, 408, 41, 61, 14, ]
2477, 14, ]
2479, 1, ]
2480, 1, 41, ]
2482, 1, 3, 41, 1979, ]
2483, 14, ]
2484, 25, 38, 955, 14, ]
2485, 1, 4, 101, 88, 100, 14, ]
2486, 1, 25, 300, 256, 83, 38, 41, ]
2487, 14, ]
2488, 1, 509, 41, ]
2489, 1, 114, ]
2491, 1, 750, 408, 41, 14, ]
2492, 142, 14, ]
2493, 1, 51, 65, 131, 535, 38, 276, 14, ]
2494, 14, ]
2496, 282, ]
2497, 1, 41, 14, ]
2498, 51, 65, 131, ]
2499, 0, 106, 93, 622, 53, 870, ]
2500, 1, 41, 14, ]
2501, 0, 14, ]
2502, 0, 53, ]
2503, 25, 300, 83, 38, 41, 670, ]
2504, 1, 38, 41, 619, 2194, 14, ]
2505, 14, ]
2506, 14, ]
2507, 1, 14, ]
2509, 301, 14, ]
2510, 1, 3, 41, ]
2511, 1, 0, 62, 53, ]
2512, 1, 0, 25, 54, 90, 257, 172, 1179, 41, 1387, 2158, 61, 14, ]
2513, 41, 14, ]
2514, 4, 101, 88, 212, ]
2515, 101, 14, ]
2516, 0, 65, 131, 61, ]
2517, 1, 41, ]
2518, 1, 0, 61, ]
2519, 0, 16, 61, 14, ]
2521, 0, 600, ]
2522, 14, ]
2524, 0, 25, 103, 402, 38, 41, 61, ]
2525, 1, 38, 41, ]
2527, 14, ]
2528, 1, 35, 1726, 14, ]
2529, 65, 131, ]
2530, 1, 0, 16, 54, 69, 41, 61, 14, ]
2532, 14, ]
2533, 54, 38, 41, 14, ]
2534, 1, 41, 14, ]
2535, 219, 222, 139, 584, ]
2536, 1, 25, 38, 41, 14, ]
2539, 493, 14, ]
2540, 14, ]
2541, 14, ]
2542, 14, ]
2543, 1149, 14, ]
2546, 0, 14, ]
2547, 1, 41, ]
2548, 1, 9, 101, 213, 100, 41, ]
2550, 14, ]
2551, 1, 41, ]
2552, 14, ]
2553, 1, 219, ]
2554, 1, 0, 38, 41, ]
2555, 14, ]
2556, 1, 614, 14, ]
2557, 3, 4, 0, 88, 38, 61, ]
2558, 0, 35, 112, 235, 124, 371, 101, 53, 100, 21, 162, ]
2559, 35, 61, 14, ]
2560, 14, ]
2562, 1, ]
2563, 75, ]
2564, 1, 41, 14, ]
2566, 1, 0, 62, 38, 41, 448, 61, 228, ]
2567, 408, 41, ]
2568, 1, 0, 53, 41, 14, ]
2569, 0, 16, 41, 61, 14, 473, ]
2570, 14, ]
2572, 1, 226, 41, 14, ]
2573, 1, 0, 201, 14, ]
2574, 1, 235, ]
2575, 1, 101, 38, 100, 41, ]
2576, 1, 4, 0, 112, 235, 53, 861, 41, 61, 228, 210, ]
2577, 104, 15, ]
2579, 14, ]
2580, 0, ]
2581, 14, ]
2583, 1, ]
2584, 51, 131, 235, 149, 276, 14, ]
2585, 1479, 341, ]
2587, 14, ]
2588, 17, ]
2589, 1, 3, 0, 41, 61, 228, ]
2590, 4, 25, 88, 14, ]
2591, 14, ]
2593, 14, ]
2594, 1, 14, ]
2595, 1, 441, 41, ]
2596, 446, 14, ]
2597, 1, 38, 156, 41, 14, ]
2599, 3, 41, 14, ]
2600, 101, 100, 14, ]
2601, 0, 52, 62, 560, 14, ]
2602, 1, 25, 38, 41, ]
2603, 0, 61, 14, ]
2604, 0, 9, 41, 61, 14, ]
2605, 1, 99, 24, 142, 41, 14, ]
2608, 0, 101, ]
2609, 1712, ]
2610, 1, 38, 41, ]
2611, 65, 131, 14, ]
2612, 14, ]
2613, 1, 62, 71, 41, 560, 14, ]
2614, 166, 14, ]
2616, 14, ]
2617, 0, 35, ]
2618, 54, 38, ]
2619, 1, ]
2621, 0, 112, 235, 53, 41, 14, ]
2622, 1, 41, ]
2623, 1149, ]
2624, 65, 131, 219, 139, 584, 14, ]
2625, 1, ]
2627, 114, ]
2628, 0, ]
2629, 14, ]
2630, 3, 41, ]
2631, 14, ]
2632, 1, 0, 112, 235, 38, 53, 14, ]
2633, 3, 54, 150, 300, 63, 62, 114, 402, 83, 246, 499, 825, 1669, 560, 61, 670, ]
2634, 1, 301, 98, 14, ]
2635, 1, 0, 14, ]
2637, 0, 53, ]
2639, 1, 3, 19, 41, ]
2640, 1, 38, 504, ]
2641, 14, ]
2642, 1, 51, 65, 131, ]
2643, 14, ]
2644, 751, 14, ]
2645, 25, 38, 41, ]
2646, 153, 53, 61, ]
2647, 14, ]
2648, 0, 99, 142, 61, 14, ]
2649, 45, 1942, 14, ]
2650, 1, 288, ]
2651, 16, 35, 54, 22, 69, 61, ]
2653, 1, 38, 41, ]
2654, 1, 41, ]
2655, 0, 14, ]
2656, 25, 62, 38, 41, 14, ]
2657, 1, 41, ]
2658, 14, ]
2659, 1, 0, 166, 257, 114, 38, 41, 1387, 61, ]
2660, 1, 3, 0, 26, 65, 131, 149, 460, 210, ]
2661, 1, 38, 41, 14, ]
2662, 1, 4, 0, 38, 41, ]
2663, 14, ]
2664, 1, 0, 131, 73, 18, 219, 61, 415, 14, ]
2665, 1, 65, 131, 1524, 14, ]
2666, 1, 4, 88, 38, 41, ]
2669, 1, 131, 268, 14, ]
2670, 14, ]
2671, 14, ]
2672, 1, 35, 112, 235, 124, 219, 371, 101, 38, 53, 100, 14, ]
2673, 1, 41, 14, ]
2674, 1, 682, 14, ]
2676, 1, 3, 41, ]
2677, 1, 106, ]
2678, 0, ]
2679, 1, 38, 41, ]
2680, 1, 1115, ]
2681, 1, 38, 41, 84, 146, ]
2682, 1, 4, 0, 286, 38, 41, ]
2683, 1, ]
2684, 1, 0, 990, 210, ]
2685, 751, ]
2686, 1, 0, 614, 41, 14, ]
2687, 0, 61, 14, ]
2688, 1, 14, ]
2689, 0, 61, 14, ]
2690, 1, 41, ]
2691, 101, 100, ]
2692, 1, 0, 99, 142, 143, 38, 41, ]
2693, 1, 14, ]
2694, 1, 3, 4, 0, 25, 150, 300, 83, 88, 334, 1905, 2209, 61, 2636, 14, 670, ]
2695, 14, ]
2696, 1, 25, 29, 38, 41, 600, 14, ]
2697, 1, 101, 2620, 341, 14, ]
2698, 101, 14, ]
2700, 235, 38, 41, ]
2701, 1, 0, 65, 131, 149, 53, 41, 14, ]
2703, 1, 149, 14, ]
2705, 0, 14, ]
2706, 1, 3, 41, 14, ]
2707, 1, 142, 41, 14, ]
2708, 25, 38, 41, 14, ]
2709, 14, ]
2710, 4, 62, 256, 88, 38, 41, ]
2711, 1, 0, 235, 53, ]
2712, 1, 0, 25, 9, 90, 38, 210, ]
2713, 0, 14, ]
2714, 38, 41, ]
2715, 54, 48, 101, 100, 329, ]
2716, 3, 0, 270, 1737, 61, ]
2717, 14, ]
2718, 3, 0, 75, 41, 460, 14, 210, ]
2719, 65, 131, 28, 149, 41, 745, 14, ]
2720, 6, 65, 62, 149, 41, 415, 2351, 446, ]
2721, 41, 381, 1115, 14, ]
2724, 14, ]
2725, 1, 51, 65, 131, ]
2728, 14, ]
2729, 0, 61, ]
2730, 1, 0, 990, 14, 210, ]
2731, 61, ]
2732, 0, 131, 114, 38, 41, 1017, 61, ]
2734, 1, 38, 41, ]
2735, 99, 142, 143, 53, 369, ]
2737, 41, ]
2738, 14, ]
2739, 1, 4, 88, 38, 41, 14, ]
2740, 1, 41, 14, ]
2741, 1, 38, 41, 14, ]
2743, 142, 60, 2531, 14, ]
2744, 1, 3, 41, ]
2745, 0, 150, 300, 63, 402, 83, 499, 825, 61, 670, ]
2746, 14, ]
2747, 1, 14, ]
2748, 1, 3, 199, 41, ]
2749, 1, 25, 38, 41, 14, ]
2750, 1, 0, 103, 61, ]
2751, 14, ]
2753, 1, 3, 41, ]
2754, 38, 14, ]
2755, 14, ]
2756, 1, 0, ]
2757, 1, 0, 35, 112, 10, 235, 124, 371, 101, 53, 100, 61, 228, ]
2758, 14, ]
2759, 1, 25, 38, 41, 14, ]
2760, 114, 14, ]
2761, 1, 38, 41, ]
2762, 0, 14, ]
2764, 837, ]
2765, 14, ]
2767, 1, 0, 25, 150, 300, 83, 38, 41, 61, 670, ]
2768, 1, 0, 41, 61, 14, ]
2769, 3, 385, 493, 41, ]
2770, 0, 61, 14, ]
2771, 38, ]
2773, 0, 25, 150, 300, 83, 38, 499, 41, 61, 14, 670, ]
2774, 3, 4, 0, 26, 65, 131, 149, 38, 41, 460, 40, 14, 210, ]
2779, 1, 3, 4, 0, 131, 62, 156, 1070, 560, 2001, ]
2780, 4, 24, 88, 38, ]
2781, 1, 4, 12, 65, 131, 151, 88, 149, 38, ]
2782, 1, 65, 131, 261, 149, 41, 14, ]
2783, 1, 14, ]
2784, 14, ]
2785, 1, 104, 101, 41, 14, ]
2786, 101, ]
2787, 0, ]
2788, 0, 25, 35, 90, 38, ]
2789, 41, 14, ]
2791, 0, 61, 228, ]
2792, 106, 14, ]
2793, 65, 131, 62, 38, 41, ]
2794, 1, 0, 342, 14, ]
2795, 153, ]
2796, 14, ]
2797, 1, 0, 6, 65, 62, 11, 149, 41, 342, 415, 2351, 446, 14, ]
2798, 1, 3, 75, 104, 718, 41, ]
2799, 1, 187, 409, ]
2801, 1, 201, 38, 41, ]
2802, 101, 100, 14, ]
2803, 1, 41, 14, ]
2804, 1, 0, 61, 14, 228, ]
2805, 14, ]
2806, 1, 0, 65, 131, 1096, 61, 14, ]
2808, 54, 14, ]
2809, 3, 35, 112, 99, 142, 187, 53, 122, 943, 41, 325, 14, ]
2810, 1, 14, ]
2811, 14, ]
2812, 1, 0, 25, 38, 41, 61, ]
2815, 0, 288, 38, 41, 1471, 14, ]
2817, 1, 65, 131, 149, 41, ]
2818, 1, 25, 36, 38, 41, ]
2821, 1, 41, ]
2822, 16, 35, 54, 41, 61, 473, ]
2823, 1, 38, 41, 14, ]
2824, 1, 235, ]
2825, 1, 1454, ]
2826, 14, ]
2827, 54, 716, 101, 100, ]
2828, 14, ]
2829, 1, 3, 41, ]
2830, 1, 14, ]
2831, 1, 93, 482, 622, ]
2833, 1, 0, 235, 14, ]
2835, 1, 38, 41, 14, ]
2836, 17, 38, 41, 14, ]
2837, 1, 142, 41, 14, ]
2839, 0, 25, 300, 83, 38, 53, 41, 180, 14, ]
2840, 1, 0, 20, 41, ]
2841, 1, 41, 14, ]
2842, 0, 38, 41, 14, 210, ]
2843, 1, 14, ]
2844, 14, ]
2845, 45, 14, ]
2846, 1, 24, 104, 41, 1545, 926, 14, ]
2847, 1, 62, 14, ]
2848, 1, 14, ]
2849, 493, ]
2850, 1, 24, 41, ]
2851, 1, 25, 300, 83, 38, 41, 524, 14, ]
2853, 0, 25, 38, 41, 61, ]
2854, 1, 41, ]
2855, 1, 0, 38, 41, 61, ]
2856, 1, 4, 88, 38, 41, 14, ]
2857, 0, 112, 235, 371, 53, 41, 1884, ]
2858, 1, 3, 4, 139, 38, 41, 14, ]
2859, 1, 0, ]
2860, 14, ]
2861, 0, 65, 131, 48, 261, 270, 98, 149, 41, 61, ]
2862, 14, ]
2863, 38, 41, ]
2864, 25, 51, 65, 131, 38, 41, 619, 14, ]
2865, 0, 14, ]
2866, 1, 3, 41, 14, ]
2867, 14, ]
2868, 1, 25, 402, 38, 41, ]
2869, 1, 0, 9, 257, 38, 41, 1387, 61, 14, ]
2870, 1, 41, 14, ]
2872, 14, ]
2873, 38, 41, 465, ]
2874, 1, 99, 142, 41, ]
2875, 1, 0, 35, 131, 38, 41, 14, ]
2876, 101, ]
2877, 142, 101, 14, ]
2878, 1, ]
2879, 14, ]
2883, 1, 38, 41, ]
2884, 0, ]
2885, 65, 131, ]
2886, 3, 4, 0, 16, 54, 166, 69, 88, 38, 34, 61, ]
2887, 14, ]
2888, 1, 22, 251, 38, ]
2889, 1, 104, 1712, 797, ]
2890, 14, ]
2892, 1, 404, ]
2893, 1, 25, 300, 114, 83, 38, 41, 2, 670, ]
2896, 0, 61, ]
2897, 1, 25, 65, 90, 131, 38, 14, ]
2898, 14, ]
2899, 1, 0, 44, 65, 131, 28, 141, 149, 53, 41, 14, ]
2901, 1, 14, ]
2902, 54, ]
2903, 1, 0, 251, 38, 53, 41, 14, ]
2904, 3, ]
2905, 1, 25, 482, 38, 41, ]
2906, 14, ]
2907, 1, 0, 35, ]
2908, 1, 41, 14, ]
2909, 0, 14, ]
2910, 408, 41, 14, ]
2911, 1, 678, 14, ]
2912, 14, ]
2913, 101, 100, ]
2914, 25, 54, ]
2915, 1, 0, ]
2916, 15, 14, ]
2917, 14, ]
2918, 41, 14, ]
2919, 0, 9, 99, 142, 143, ]
2920, 1, 131, 38, 41, 415, ]
2921, 1, 114, 41, 14, ]
2923, 1, 0, 150, 300, 63, 502, 402, 83, 499, 825, 61, 504, 670, ]
2924, 1, 166, 471, 256, 101, 38, 41, 368, 1249, 14, ]
2926, 1, 4, 166, 502, 88, 38, 41, 2166, 2325, 651, ]
2927, 0, 16, 25, 300, 219, 83, 657, 101, 38, 100, 41, 61, 14, ]
2928, 3, 54, 502, 716, 2065, 14, ]
2929, 65, 131, 62, 149, 41, 14, ]
2930, 3, 62, 41, 1310, 14, ]
2931, 1, 65, 131, 149, 41, 14, ]
2932, 0, ]
2933, 1, 0, 61, ]
2934, 1, 101, 38, 100, 41, 545, ]
2938, 1, 22, 41, 14, ]
2939, 1, 3, 0, 41, 14, ]
2940, 14, ]
2941, 1, 38, 41, 14, ]
2942, 19, ]
2943, 235, ]
2944, 1, 51, 65, 131, 14, ]
2945, 7, 257, 100, 41, 14, ]
2946, 1, ]
2947, 1, 471, 256, 38, 41, 14, ]
2948, 14, ]
2949, 14, ]
2950, 1, 41, ]
2952, 1, 131, 38, 41, ]
2953, 1, 25, 38, 493, 41, ]
2954, 24, ]
2955, 4, 88, 38, 53, 61, 1507, 228, ]
2956, 1, 14, ]
2958, 1, 112, 235, 622, 41, 2881, 14, ]
2959, 14, ]
2960, 1, 25, 79, 38, 493, 41, 14, ]
2961, 1, 75, 38, 41, ]
2962, 1, 101, ]
2963, 101, ]
2964, 17, 38, 41, ]
2965, 1, 25, 38, 53, 41, 1259, ]
2966, 1, 918, 41, 14, ]
2967, 1, ]
2968, 3, ]
2969, 1, 57, 88, ]
2970, 1, 0, 14, 210, ]
2971, 153, 41, ]
2972, 25, 65, 90, 131, 38, 14, ]
2973, 1, 38, 41, ]
2974, 0, 61, ]
2975, 14, ]
2976, 0, 61, ]
2977, 1, 3, 41, ]
2979, 0, 21, 210, ]
2980, 38, 41, ]
2981, 14, ]
2983, 17, 41, 2231, 14, ]
2984, 65, 131, 14, ]
2985, 1, ]
2986, 1, 0, 25, 150, 300, 83, 38, 41, 61, 670, ]
2987, 14, ]
2989, 0, 35, ]
2990, 0, 219, 139, 584, ]
2992, 14, ]
2993, 1, 54, 38, 41, ]
2994, 14, ]
2995, 1, 737, ]
2997, 0, 16, 54, 69, 61, ]
2998, 1, 408, 41, ]
2999, 1, 4, 88, 38, 41, 14, ]
3000, 14, ]
3001, 1, 14, ]
3003, 3, 25, 38, 1602, 14, ]
3004, 142, ]
3005, 257, 41, ]
3006, 3, 0, 25, 38, 202, 210, ]
3007, 1, 0, 25, 54, 300, 83, 657, 101, 38, 100, 277, 41, 2814, 61, 14, ]
3010, 1, 0, 35, 65, 131, 261, 149, 408, 840, ]
3011, 14, ]
3012, 1, 0, 38, 41, 61, 228, ]
3015, 1, 25, 38, 41, ]
3016, 112, 235, 371, 53, 41, 61, ]
3017, 1, 41, ]
3018, 14, ]
3019, 1, 0, 53, 14, ]
3020, 3, 154, 532, 38, ]
3023, 9, 114, 101, 100, 14, ]
3024, 25, 54, 90, 235, 286, 595, 88, 38, 687, 61, 1582, ]
3025, 14, ]
3026, 260, 14, ]
3027, 14, ]
3028, 1, 4, 0, 142, 235, 62, 88, 38, 53, 41, 476, 991, ]
3029, 1, 0, 38, 53, 41, 2309, 14, ]
3031, 1, 0, 112, 235, 371, 139, 53, 41, 783, 1262, 14, ]
3032, 1697, 2626, ]
3033, 0, 38, 41, ]
3034, 1, 41, 446, ]
3035, 14, ]
3037, 14, ]
3038, 1, 14, ]
3039, 14, ]
3040, 0, ]
3041, 1, 38, 41, ]
3042, 0, 35, 14, ]
3043, 3, 0, 25, 142, 75, 187, 38, 2068, ]
3044, 1, 65, 131, 149, 41, ]
3045, 14, ]
3046, 1, 65, 131, 101, 149, 100, 41, 14, ]
3047, 4, 25, 88, 38, 135, 41, 210, 2722, ]
3048, 1, ]
3049, 1, 4, 101, 38, 41, 14, ]
3050, 1, 101, 41, 14, ]
3051, 1, 3, 41, ]
3053, 1, 114, 38, 41, 14, ]
3055, 1, 502, 38, 41, 429, 1716, 14, ]
3056, 99, 142, 18, 106, ]
3057, 1, 25, 38, 41, 14, ]
3058, 0, 25, 300, 83, 657, 101, 38, 100, 41, 740, 61, 14, ]
3059, 0, 14, ]
3060, 75, ]
3061, 14, ]
3062, 101, 213, 38, 100, 14, ]
3063, 6, 65, 131, 62, 446, ]
3064, 1, 235, ]
3065, 0, 14, ]
3066, 1, 62, ]
3067, 1, 0, 25, 251, 41, 269, ]
3068, 15, 14, ]
3069, 301, 219, ]
3070, 4, 88, 38, ]
3071, 187, 118, 943, 14, ]
3072, 14, ]
3074, 65, 131, ]
3075, 9, 17, 38, 41, 14, ]
3076, 0, 17, 136, 38, 53, 41, 1271, ]
3077, 17, 136, 38, 41, ]
3079, 25, 90, 38, ]
3080, 14, ]
3081, 3, 51, 65, 131, 41, 14, ]
3082, 1, 38, 41, ]
3083, 0, 53, 493, 1002, 1542, 737, ]
3084, 0, 53, 14, ]
3087, 1, 54, 14, ]
3088, 1, 41, ]
3089, 14, ]
3090, 1, 3, 41, 14, ]
3091, 35, 112, 235, 104, 124, 201, 371, 101, 53, 100, 41, ]
3093, 0, 53, 14, ]
3094, 1, 38, 41, ]
3095, 1, 131, 729, 600, ]
3096, 1, 99, 142, ]
3097, 1, 67, 61, 547, 210, ]
3098, 0, 61, 14, ]
3101, 1, 38, 41, 14, ]
3103, 1, 53, 1074, 41, 61, 14, 228, ]
3104, 535, 14, ]
3105, 1, ]
3107, 14, ]
3108, 0, 79, 493, 2490, 824, ]
3109, 0, 142, 235, 62, 476, ]
3110, 1, 41, 242, 14, 210, ]
3111, 1, 65, 131, 149, 41, 14, 2819, ]
3112, 1, 54, 716, 21, 14, ]
3113, 14, ]
3114, 1, 0, 16, 38, 41, 2880, 61, ]
3115, 14, ]
3116, 226, 41, 14, ]
3117, 112, 235, 53, 41, 14, ]
3118, 1, 41, ]
3119, 1, 3, 0, 25, 150, 300, 62, 83, 38, 41, 560, 61, 14, 670, ]
3120, 1, 25, 38, 41, ]
3121, 22, 62, ]
3122, 1, 41, ]
3123, 1, 38, 41, ]
3125, 14, ]
3126, 1, ]
3127, 0, 112, 235, 53, 41, ]
3128, 1, 3, 0, 35, 41, 14, ]
3129, 1, 24, 41, 14, ]
3130, 2742, 14, ]
3131, 14, ]
3132, 14, ]
3134, 38, 2262, 14, ]
3135, 1, 0, 547, 14, ]
3136, 48, 282, ]
3138, 1, 41, 14, ]
3139, 0, 101, 61, 14, ]
3140, 1, 101, 14, ]
3141, 0, 61, ]
3142, 14, ]
3144, 14, ]
3145, 1, 4, 88, 38, 41, 429, ]
3146, 1, 0, 65, 131, 114, 161, 38, 53, 1074, 41, 1017, 228, ]
3147, 14, ]
3148, 0, 53, 2445, ]
3149, 14, ]
3150, 1, 14, ]
3151, 1, 0, 24, 38, 53, 205, 699, 2240, 797, ]
3152, 1, 45, 493, 41, 893, 14, ]
3153, 1, 3, 166, 189, 493, 41, 14, ]
3154, 65, 131, 14, ]
3155, 14, ]
3156, 1, 41, 2882, 752, ]
3157, 114, ]
