[30, 13]
[31, 0, 13]
[32, 13]
[36, 0, 13]
[41, 0, 2, 40, 13]
[46, 0]
[48, 13]
[49, 13]
[54, 0, 40]
[55, 13]
[57, 13]
[63, 8]
[65, 13]
[69, 13]
[71, 13]
[73, 2]
[75, 13]
[77, 21, 13]
[81, 0, 2, 40]
[84, 13]
[86, 37, 40, 79]
[88, 13]
[90, 13]
[91, 0, 13]
[93, 0, 40]
[96, 13]
[101, 0, 37, 40, 13]
[104, 0, 37, 60, 40, 79, 13]
[107, 0, 37, 40, 79]
[108, 0]
[114, 0, 37, 40, 79]
[115, 13]
[116, 13]
[118, 13]
[120, 0, 52, 37, 40, 79, 13]
[122, 0]
[124, 13]
[125, 0, 40]
[126, 13]
[127, 0, 17, 37, 60, 40, 79, 13]
[129, 0, 40]
[131, 0, 37, 40, 13]
[133, 0, 13]
[136, 13]
[137, 0, 23, 40]
[146, 0, 24, 37, 40, 13]
[151, 0, 61, 13]
[154, 0, 53]
[156, 13]
[157, 0, 34, 37, 40, 79, 13]
[159, 0, 13]
[162, 0, 2, 40]
[163, 0]
[168, 0]
[169, 13]
[172, 8, 37, 40, 13]
[173, 47, 13]
[175, 0, 40, 13]
[177, 13]
[178, 0, 40, 13]
[180, 0]
[181, 13]
[183, 0, 37, 40, 79, 13]
[184, 0, 15, 24, 53, 68, 52, 37, 60, 40]
[185, 0, 37, 60, 40, 79, 13]
[187, 0, 37, 60, 40, 79, 13]
[189, 100]
[190, 100, 13]
[195, 13]
[196, 0, 24, 37, 13]
[197, 13]
[199, 13]
[202, 14, 186, 13]
[203, 0, 61]
[205, 3, 37, 40, 13]
[206, 0, 3, 87, 37, 40, 13]
[208, 34, 37, 79]
[210, 130]
[216, 113]
[217, 0, 37, 40, 79]
[220, 13]
[223, 0, 8, 74, 37, 40]
[224, 0]
[228, 13]
[229, 0, 37, 60, 79, 13]
[230, 13]
[231, 0, 37, 40]
[233, 13]
[236, 0, 3, 64, 130, 87, 37, 40]
[237, 0, 24, 37, 40, 13]
[240, 34, 52]
[242, 0, 234, 37, 40]
[243, 44, 13]
[244, 0, 53, 40]
[246, 0, 24, 37, 40, 13]
[247, 0, 64, 130]
[248, 0, 52, 37, 40, 79, 13]
[249, 13]
[252, 0, 13]
[254, 0, 37, 40, 211, 13]
[257, 0, 3, 56, 87, 37, 40]
[258, 0, 53, 140, 40]
[263, 0, 21]
[264, 2, 37]
[265, 16, 37, 40, 13]
[270, 141]
[272, 0, 37, 40]
[273, 2, 130, 40, 13]
[274, 13]
[277, 0, 24, 89, 37]
[278, 100, 13]
[280, 2, 153, 37, 13]
[282, 0]
[286, 61, 13]
[288, 0, 24, 37, 40]
[291, 13]
[292, 37, 13]
[294, 0, 34, 37, 40, 79, 13]
[296, 0, 40]
[298, 13]
[302, 13]
[303, 52, 79, 13]
[304, 13]
[306, 13]
[307, 3, 141, 87, 37]
[308, 0, 103, 37, 60, 40, 79]
[309, 2, 23]
[310, 24, 299, 82, 37, 60, 40]
[312, 17, 52, 60, 13]
[313, 13]
[314, 0]
[315, 21, 256]
[317, 0, 37, 40, 79]
[319, 0]
[322, 100, 99, 13]
[323, 97, 37, 40, 13]
[325, 64, 130]
[327, 0, 18, 40, 13]
[329, 0, 37, 40, 79, 209]
[330, 218]
[331, 0, 37, 40, 13]
[332, 13]
[334, 0]
[335, 64, 130, 260, 148, 37, 79, 13]
[336, 64, 130]
[338, 0, 24, 61, 79, 13, 209]
[339, 0, 40, 13]
[342, 37, 40]
[343, 0, 40, 13]
[344, 100, 99, 13]
[345, 13]
[347, 13]
[349, 24, 60, 79, 13]
[353, 0]
[354, 24, 89, 37]
[355, 0, 234, 14]
[356, 13]
[357, 0, 40]
[358, 0]
[361, 37, 79]
[362, 13]
[363, 0, 13]
[364, 0, 50, 64, 130, 37, 275, 13]
[365, 0, 98, 141, 234]
[369, 37, 40, 79, 13]
[371, 105, 13]
[372, 0, 37, 40, 13]
[373, 0]
[374, 64, 130, 148, 13]
[375, 0, 2, 64, 16, 130, 52, 148, 79]
[376, 0, 23, 40]
[378, 8]
[381, 0, 13]
[382, 24, 35, 225, 37]
[383, 0, 37, 40, 13]
[385, 0, 37, 40, 79, 13]
[386, 0, 13]
[389, 13]
[390, 0, 24, 60, 40, 79]
[392, 0, 37, 60, 40, 79]
[395, 13]
[396, 316, 13]
[397, 13]
[398, 13]
[400, 13]
[402, 13]
[405, 13]
[406, 0, 13]
[410, 40]
[411, 0, 50, 64, 130, 79, 13]
[412, 0, 269, 37, 60, 40, 79]
[413, 0, 2, 40, 13]
[415, 64, 130, 13]
[416, 17, 37, 60, 40, 79, 13]
[418, 0, 15, 53, 68, 37, 60, 40, 79, 13]
[420, 13]
[423, 0, 2, 40, 13]
[426, 13]
[429, 0, 64, 130, 40, 13]
[430, 13]
[431, 0]
[432, 0, 52, 37, 40, 79]
[433, 53, 165, 60, 79, 13]
[435, 34, 111, 234, 123, 52, 370, 100, 99, 40, 13]
[437, 141, 60, 13, 227]
[438, 13]
[439, 52, 388, 37, 40, 79, 13]
[441, 0, 24, 37, 40, 13]
[442, 0, 40, 79]
[443, 0, 53]
[444, 13]
[446, 47]
[449, 0, 2, 40]
[450, 0, 37, 40, 13]
[451, 3, 24, 87]
[453, 0, 100, 13]
[456, 0, 40]
[457, 13]
[458, 0, 13]
[460, 0, 24, 89, 37, 40]
[461, 13]
[462, 34, 13]
[463, 13]
[468, 0, 13, 209]
[469, 0, 24, 401, 37, 40, 13]
[471, 218, 13]
[473, 0, 165, 37, 60, 40, 79]
[476, 13]
[477, 0, 13]
[478, 113]
[479, 0, 3, 37, 40, 13]
[480, 13]
[482, 13]
[483, 8, 23, 40]
[485, 53, 337, 428]
[488, 37, 40, 79]
[489, 2, 64, 130, 200, 148, 13]
[490, 13]
[491, 64, 130, 148]
[493, 0, 37, 40, 13]
[494, 43, 52, 37, 40, 79]
[497, 3, 470, 255, 87]
[499, 2, 21, 40]
[500, 13]
[502, 13]
[504, 0, 52, 37, 40, 79, 13]
[505, 24, 501, 13]
[506, 64, 130]
[510, 13]
[512, 0, 40, 13]
[513, 37, 40, 13]
[514, 0, 37, 40, 79]
[515, 0, 37, 60, 40, 79, 13]
[516, 0, 37, 60, 40, 79, 13]
[517, 0, 13]
[518, 64, 130]
[520, 0, 37, 40, 79]
[521, 13]
[522, 0, 13]
[524, 34, 111, 9, 234, 123, 52, 370, 100, 37, 60, 99, 40, 79, 227]
[525, 0, 37, 40]
[528, 0, 40]
[529, 13]
[530, 13]
[532, 0, 15, 53, 111, 234, 68, 52, 370, 60, 40, 13]
[533, 0, 37, 40, 13]
[536, 0, 8, 14]
[537, 13]
[541, 34, 111, 234, 123, 52, 370, 99, 40, 13]
[542, 100, 13]
[543, 64, 130, 27, 148, 13]
[547, 0, 34, 37, 40, 79]
[548, 78, 545, 37, 492, 40, 79, 13]
[549, 98, 141]
[550, 23, 21, 40]
[551, 13]
[552, 186, 13]
[554, 0, 24, 481, 37, 40, 13]
[558, 13]
[560, 13]
[561, 13]
[562, 2, 37, 79, 13]
[563, 37, 40, 13]
[564, 13]
[566, 0, 3, 87, 37, 40]
[568, 0]
[570, 13]
[571, 2, 37]
[572, 0, 40, 13]
[573, 0, 13]
[574, 13]
[575, 0, 40, 13]
[576, 0, 34, 37, 40, 79]
[577, 0, 13]
[578, 13]
[579, 102, 37, 60, 40, 79]
[580, 13]
[581, 0]
[582, 13]
[584, 13]
[586, 0, 37, 79, 13, 209]
[587, 13]
[588, 0, 37, 40]
[589, 40, 13]
[590, 0, 2, 3, 37, 301, 13]
[591, 64, 130, 13]
[592, 60, 13]
[593, 0, 24, 37, 40]
[595, 0, 13]
[596, 37, 40, 79, 209]
[598, 2, 17, 37, 60, 79, 13]
[600, 64, 130, 148, 40]
[601, 64, 130, 148, 37]
[602, 141, 47]
[603, 111, 234, 52, 37, 40, 79, 13]
[605, 0]
[607, 2]
[609, 13]
[610, 37, 508]
[611, 0, 103, 61, 13]
[612, 0, 37, 40, 79]
[614, 0, 111, 234, 52, 37, 79]
[615, 13]
[616, 0, 16, 37, 40, 13]
[619, 6, 99, 40, 13]
[620, 0, 37, 40, 79]
[622, 0, 40]
[624, 0, 37, 40, 13]
[625, 13]
[626, 0, 40]
[627, 0]
[631, 50, 64, 130, 52, 100, 37, 40, 79]
[633, 0, 37, 40]
[634, 13]
[635, 289, 13]
[636, 130, 414, 13]
[637, 130, 37, 60, 40, 79]
[638, 13]
[639, 2, 37, 60, 79, 13]
[640, 8, 37, 79]
[641, 0, 3, 87, 37, 40, 13]
[642, 0, 113, 13]
[644, 24, 89, 141, 61, 559, 13]
[646, 37, 40, 79]
[647, 2, 37, 60, 79, 13, 227]
[651, 0, 13]
[652, 0, 3, 11, 64, 130, 150, 87, 148, 37, 13]
[653, 0, 152, 37, 40, 13]
[654, 13]
[657, 40, 13]
[658, 0, 23, 40, 13]
[659, 0, 128]
[660, 0, 24, 37, 40, 13]
[661, 37, 60, 79, 227]
[662, 0]
[664, 13]
[665, 0, 34, 37, 40, 79, 13]
[666, 13]
[667, 79, 13]
[668, 0]
[671, 13]
[672, 3, 87, 37, 40]
[673, 13]
[674, 0, 37, 40, 79]
[675, 37]
[676, 0, 3, 37, 40]
[678, 2]
[680, 0, 100, 37, 60, 99, 40, 79]
[682, 37, 60, 40, 79]
[684, 13]
[685, 13]
[687, 0, 2, 64, 130, 37, 13]
[688, 0, 52, 37, 40, 79]
[691, 13]
[692, 14, 44, 40]
[693, 0, 37, 40, 79, 13]
[694, 2, 153, 37, 13]
[695, 8]
[696, 37, 13]
[697, 13]
[700, 64, 130, 61, 37, 40, 79]
[703, 0, 24, 165, 37, 40]
[704, 13]
[705, 13]
[707, 0]
[708, 17, 60, 79]
[709, 0, 40, 13]
[710, 13]
[711, 0, 13]
[712, 0, 40, 13]
[713, 0, 24, 37, 40]
[714, 200, 13]
[716, 0, 3, 50, 64, 130, 87, 13]
[718, 0, 5, 61, 445]
[719, 0, 37, 40, 79]
[720, 0, 34, 37, 40, 79]
[721, 0, 64, 130, 148, 40]
[722, 100]
[723, 0, 15, 64, 130, 234, 212, 148, 99, 40, 13, 472]
[724, 37, 40, 79, 209]
[725, 0, 37, 60, 40, 79]
[726, 13]
[727, 0, 2, 24, 89, 40, 79, 13]
[729, 0, 23, 40]
[730, 0, 53, 47, 37, 40, 13]
[731, 37, 419, 79]
[732, 13]
[733, 0, 13]
[734, 0, 234, 218, 13]
[737, 21, 13]
[738, 37, 40]
[740, 300, 13]
[741, 13]
[742, 0]
[745, 24, 89, 171, 191, 37, 79, 13]
[746, 0, 37, 40, 79, 13]
[748, 0, 3, 165, 113, 87, 37]
[752, 13]
[754, 34, 16, 37, 40]
[755, 105]
[756, 0, 52, 37, 40, 79, 13]
[757, 0, 61]
[758, 2, 24, 37]
[759, 0, 13]
[760, 0, 37, 40]
[761, 13]
[763, 64, 130, 260, 148, 40]
[764, 0, 52, 37, 40, 79, 13]
[766, 2, 37, 60, 79]
[767, 0, 24, 60, 79]
[768, 0, 225, 40, 13]
[769, 0, 15, 53, 68, 37, 60, 40, 79]
[770, 2, 37, 33, 13]
[771, 100, 37, 99, 40, 79]
[774, 13]
[775, 13]
[776, 0, 534]
[777, 0, 40, 13]
[779, 141, 13]
[780, 0, 64, 130, 37, 20, 161, 79, 13]
[781, 40]
[783, 13]
[785, 0]
[786, 13]
[788, 0, 3, 21, 87, 750, 503, 13]
[789, 256, 13]
[790, 64, 16, 130, 135, 37, 40, 13]
[791, 13]
[792, 0, 2, 3, 100, 37, 99, 40, 13]
[793, 13]
[794, 0, 13]
[795, 0, 37, 40, 79, 13]
[797, 0, 37, 40]
[798, 492, 13]
[799, 0]
[800, 8, 13]
[801, 13]
[802, 0, 2, 40, 13]
[803, 0, 37, 40, 79, 13]
[804, 102, 37, 60, 40, 79]
[808, 24, 60, 79]
[810, 0, 13]
[812, 100, 13]
[813, 0, 100, 192, 40]
[814, 0, 40, 13]
[815, 0, 13]
[816, 13]
[818, 74, 218, 138, 583, 13]
[819, 0, 24, 98, 52, 37, 40, 79]
[820, 0]
[821, 0, 3, 24, 89, 171, 87, 40]
[822, 13]
[825, 53, 13]
[826, 2, 153, 37]
[828, 52, 37, 79]
[829, 13]
[832, 37, 13]
[833, 2, 15, 37, 60, 79, 13]
[835, 0, 24, 89, 37, 13]
[837, 0, 23, 40]
[842, 0, 2, 40]
[843, 24, 89, 171, 37, 13]
[844, 152, 474]
[848, 218, 37, 60, 182, 13]
[849, 0, 13]
[850, 0, 37, 60, 40, 79, 13]
[851, 0, 256, 37, 40]
[852, 70]
[853, 13]
[854, 0, 8]
[857, 13]
[858, 599]
[859, 0, 34, 111, 234, 123, 300, 52, 370, 100, 99, 40]
[861, 0, 24, 37, 40, 13]
[864, 0, 3, 87, 60, 79, 13, 227]
[866, 16, 79, 209]
[867, 0, 52, 421, 621, 37, 40, 79, 13]
[868, 13]
[871, 2, 22, 37, 60, 79, 227, 796]
[872, 0, 24, 64, 130, 37, 40]
[873, 0, 37, 40, 13]
[875, 37, 40, 79, 13]
[876, 13]
[877, 0, 3, 37, 40, 13]
[878, 0, 14, 37, 60, 40, 79, 13, 227]
[880, 2, 117, 40]
[882, 0, 2, 24, 113, 401, 384, 492, 40, 79]
[884, 0, 15, 37, 60, 40, 79, 13]
[886, 0, 15, 53, 68, 37, 60, 40, 79]
[887, 13]
[888, 13]
[890, 47, 13]
[891, 51, 61, 18, 37, 60, 559, 79, 13]
[893, 0, 15, 37, 40, 425]
[894, 0, 34, 52, 37, 40, 13]
[896, 3, 61, 87, 37, 40]
[898, 13]
[899, 0, 17, 37, 60, 40, 79, 13]
[903, 0, 37, 40, 13]
[904, 100]
[907, 0, 23, 40, 13]
[908, 53, 13]
[909, 250, 100, 99, 79, 13]
[910, 0, 13]
[911, 0, 2, 40]
[913, 13]
[914, 0, 113, 40]
[915, 0, 24]
[916, 24, 89, 37, 13]
[918, 0, 2, 51, 61, 559, 13]
[921, 0, 37, 40]
[922, 250, 37, 40, 13]
[923, 24, 34, 111, 9, 234, 123, 52, 370, 100, 60, 99, 40, 79, 227]
[926, 13]
[927, 0, 13]
[928, 13]
[929, 130, 186, 225, 13]
[930, 13]
[933, 60, 79]
[934, 0, 403, 889]
[935, 13]
[937, 97, 900]
[938, 0, 50, 64, 130]
[940, 0, 37, 40, 13]
[941, 0]
[944, 0, 40, 13]
[945, 0, 2, 111, 234, 52, 370, 37, 40, 79, 13]
[946, 13]
[947, 0, 52, 37, 40, 79]
[948, 0, 827, 40, 360, 13]
[949, 141]
[950, 0, 37, 40, 79, 13]
[951, 0, 13]
[952, 13]
[953, 64, 130, 148, 37, 13]
[955, 2, 64, 130, 148, 13]
[956, 0]
[957, 0, 52, 37, 40, 79]
[958, 0, 531, 37, 40, 79, 13]
[959, 8]
[960, 37, 40, 13]
[961, 0, 40]
[962, 24, 149, 299, 82, 60, 498, 79, 669]
[964, 0, 24, 37, 40, 13]
[967, 0, 34, 111, 234, 123, 285, 52, 370, 100, 87, 37, 99, 79]
[969, 0, 234, 13]
[971, 0, 13]
[973, 271, 13]
[974, 0, 37, 40]
[975, 0, 64, 130, 21, 553]
[976, 24, 165, 37, 40]
[977, 0, 37, 40, 79]
[978, 618, 13]
[979, 0, 34, 253, 37, 40, 79]
[981, 0, 37, 40, 201, 79, 13, 209]
[982, 0]
[983, 0, 37, 40, 13]
[984, 0, 40, 13]
[985, 0, 130, 37, 40, 414, 79]
[986, 0, 2, 40]
[987, 0, 13]
[988, 24, 152, 149, 299, 82, 60, 79, 13, 669]
[991, 141, 13]
[992, 0, 100]
[993, 0, 3, 130, 100, 37, 40]
[994, 218, 13]
[995, 0, 2, 40]
[997, 0]
[998, 0, 255, 100, 99, 40]
[999, 13]
[1002, 0, 40]
[1003, 0, 53, 13]
[1004, 17, 60, 79, 13]
[1005, 0, 3, 24, 87, 37, 134, 40, 79]
[1007, 100, 37, 99, 40, 544, 13]
[1008, 98, 141]
[1009, 13]
[1010, 53, 715, 13]
[1011, 0, 200, 37, 40, 79, 13]
[1013, 0, 3, 87, 37, 40]
[1015, 53, 13]
[1017, 37, 60, 79, 13]
[1018, 0, 24, 37, 40]
[1021, 0]
[1022, 3, 24, 11, 64, 130, 299, 150, 82, 87, 148, 40, 13]
[1024, 0, 2, 40, 13]
[1025, 13]
[1026, 0, 13]
[1027, 13]
[1028, 103, 13]
[1031, 40, 13]
[1032, 13]
[1033, 0, 2, 40, 13]
[1034, 14, 954]
[1035, 0, 24, 299, 61, 82, 989, 40, 79, 13, 209]
[1036, 0]
[1037, 503, 79]
[1038, 13]
[1039, 13]
[1040, 0, 3, 234, 594, 87, 60, 79]
[1041, 0, 3, 87, 37, 40]
[1043, 13]
[1044, 113, 13]
[1046, 24, 89, 171, 191, 37, 79, 13]
[1047, 13]
[1050, 13]
[1051, 64, 130, 37, 40, 79, 13]
[1052, 13]
[1053, 0, 37, 60, 40, 79]
[1054, 0, 24, 299, 82, 37, 40, 13, 669]
[1056, 0]
[1057, 2, 37, 79]
[1058, 13]
[1060, 0, 34, 37, 40, 79]
[1062, 0, 74, 40]
[1063, 102, 37, 60, 40, 79, 13]
[1064, 0, 13]
[1066, 287, 13]
[1067, 0, 64, 130, 148, 40, 13]
[1070, 13]
[1071, 0, 37, 40, 13]
[1072, 13]
[1075, 269, 60, 13]
[1076, 24, 100, 37]
[1078, 13]
[1080, 37]
[1081, 3, 470, 255, 87]
[1082, 13]
[1084, 13]
[1085, 0, 13]
[1087, 0, 37, 60, 40, 79, 227]
[1088, 13]
[1090, 234, 13]
[1091, 13]
[1092, 53, 13]
[1093, 34, 79, 13]
[1094, 0, 40]
[1096, 0, 2, 40, 13]
[1097, 0, 37, 60, 40, 79, 13]
[1098, 0, 24, 89, 37, 40]
[1099, 13]
[1101, 13]
[1102, 0, 37, 40, 13]
[1104, 492]
[1105, 2, 218, 40, 13]
[1106, 0, 53, 470, 255, 100, 37, 99, 40]
[1107, 0, 111, 234, 501, 52, 37, 79, 13]
[1109, 37, 40, 79]
[1110, 0, 52, 37, 698, 79]
[1111, 0, 3, 87, 37, 40, 13]
[1112, 13]
[1113, 0, 37, 40, 13]
[1115, 0, 8, 61, 52, 60, 1073, 13, 227]
[1116, 13]
[1117, 0, 111, 234, 52, 40, 13, 209]
[1118, 0, 15, 53, 141, 68, 37, 60, 40, 79, 13]
[1119, 0, 24, 83, 145]
[1121, 0, 37, 40]
[1123, 13]
[1124, 0, 13]
[1125, 13]
[1126, 37, 40, 79, 209]
[1128, 0, 100, 99, 13]
[1130, 13]
[1132, 13]
[1133, 130, 13]
[1134, 0, 2, 152, 105, 37]
[1135, 0, 37, 40, 79]
[1136, 13]
[1137, 0, 37, 60, 40, 79]
[1140, 0, 52, 37, 40, 79, 13]
[1141, 130, 78, 545, 37, 492, 40, 847, 79]
[1142, 340, 13]
[1143, 0, 64, 130, 37, 40]
[1145, 699, 13]
[1146, 0, 40, 13]
[1147, 113, 13]
[1150, 0, 52, 37, 79]
[1152, 13]
[1156, 85, 37, 40, 523, 79, 13]
[1157, 0, 64, 130, 37, 40]
[1158, 0, 3, 87, 37, 40]
[1159, 0, 61, 82, 40, 559]
[1160, 53, 337, 428, 13]
[1162, 0, 50, 64, 130, 13]
[1163, 0, 37, 40, 79, 13]
[1164, 0, 40]
[1165, 0, 37, 40]
[1166, 97]
[1167, 13]
[1169, 13]
[1170, 47, 100, 13]
[1171, 0, 100, 13]
[1172, 0, 15, 8, 37, 60, 79, 472]
[1173, 0, 61, 13]
[1174, 0, 24, 37, 40, 13]
[1175, 0, 2, 40, 13]
[1176, 0]
[1177, 0, 5, 61, 445, 13]
[1179, 0, 113, 407, 40, 13]
[1180, 0, 13]
[1181, 300, 37, 60, 79]
[1183, 0, 37, 60, 40, 79, 13]
[1186, 0, 64, 130, 148, 37]
[1188, 0, 64, 130, 148, 40]
[1189, 0, 3, 218, 138, 87, 37, 40, 583]
[1191, 17, 37, 60, 40, 166, 79]
[1192, 13]
[1193, 13]
[1194, 111, 234, 52, 370, 37, 79, 13]
[1195, 18, 683]
[1196, 37, 13]
[1198, 0, 13]
[1199, 13]
[1200, 0, 40]
[1203, 13]
[1205, 749, 37, 407, 13]
[1206, 0, 52, 37, 276, 40, 79]
[1207, 0, 24, 149, 299, 82, 37, 60, 40, 13, 669]
[1208, 24, 89, 130, 37, 414]
[1210, 37, 40, 79, 13, 209, 735]
[1211, 13]
[1213, 0, 2, 21, 40]
[1214, 0, 37, 79]
[1215, 74, 234, 14, 52, 255, 37, 40, 79]
[1216, 155, 747]
[1218, 37]
[1219, 0, 13]
[1220, 13]
[1222, 0, 2, 40]
[1224, 13]
[1225, 37, 1148, 60, 40, 79]
[1226, 0, 234]
[1228, 13]
[1229, 0]
[1230, 13]
[1231, 3, 87, 37, 13]
[1233, 0, 98, 141, 37, 40, 79, 13]
[1234, 103, 37, 40, 341, 79, 13]
[1235, 0, 200, 40, 1006, 523]
[1237, 0, 24, 37, 40]
[1238, 13]
[1239, 37, 40]
[1240, 13]
[1242, 13]
[1243, 2, 16, 153, 40]
[1244, 0, 100, 99]
[1245, 13]
[1246, 37, 60, 40, 447, 79, 227]
[1247, 0, 37, 40]
[1249, 64, 130, 40, 13]
[1250, 13]
[1251, 0, 2, 40, 13]
[1252, 0, 105, 218, 37, 79, 13, 209]
[1253, 13]
[1255, 23, 61, 40, 13]
[1256, 100, 79, 13]
[1257, 0, 34, 111, 98, 141, 186, 52, 100, 121, 942, 324]
[1259, 3, 64, 130, 27, 87, 148, 40, 79, 209]
[1262, 0, 37, 60, 40, 79, 13]
[1263, 64, 130, 260, 148]
[1264, 60, 13]
[1265, 0, 21, 37, 40, 13]
[1266, 34, 37, 40, 79, 13]
[1267, 0, 40]
[1268, 0, 407, 40]
[1269, 0, 3, 37, 40, 13]
[1271, 0]
[1272, 98, 141, 13]
[1273, 13]
[1275, 8]
[1276, 0, 13]
[1277, 0, 24, 37, 40, 13]
[1278, 0, 2, 25, 64, 130, 148, 459, 79, 209]
[1279, 0, 130, 52, 37, 40, 79]
[1280, 61, 113, 143, 559, 13]
[1281, 0, 34, 111, 234, 123, 52, 370, 100, 99, 40]
[1283, 0, 53, 37, 40, 79, 13]
[1288, 0, 15, 24, 165, 47, 401, 37, 40, 227]
[1289, 3, 11, 141, 87, 79]
[1290, 0]
[1291, 13]
[1292, 0, 17, 37, 60, 40, 79, 13]
[1293, 13]
[1294, 0, 3, 53, 285, 617, 79, 13]
[1295, 0, 2, 53, 40, 445]
[1296, 0, 40]
[1297, 0, 37, 40]
[1299, 0, 64, 130, 186, 148, 40, 13]
[1300, 40, 13]
[1301, 64, 130, 148, 37, 60, 79, 13, 227]
[1303, 0, 3, 87, 37, 40]
[1304, 0, 3, 285, 37, 60, 492, 40, 13]
[1305, 0]
[1306, 60, 79, 13]
[1307, 53, 337, 428, 13]
[1308, 0, 37, 40, 79, 13]
[1310, 0]
[1311, 113, 13]
[1312, 13]
[1314, 0, 74, 40, 13]
[1315, 0, 152, 186, 13]
[1316, 0, 388, 37, 40, 79, 13]
[1317, 0, 40, 13]
[1318, 0, 37, 40, 13]
[1319, 13]
[1320, 34, 37, 40, 79]
[1321, 503]
[1322, 13]
[1323, 0, 2, 384, 492, 40, 13]
[1324, 0]
[1325, 0, 2, 64, 130, 40]
[1326, 0, 37, 40]
[1327, 256]
[1328, 0, 8, 37, 40, 830, 79]
[1331, 0, 40]
[1332, 100, 99, 492, 1001]
[1333, 0, 3, 87, 37, 40]
[1335, 70, 13]
[1336, 481]
[1337, 0, 234, 1120, 13]
[1338, 0, 64, 16, 130, 37, 40, 540, 507]
[1339, 0, 37, 40]
[1340, 149, 299, 82, 37, 60, 40, 79, 13, 669]
[1341, 0, 64, 130, 260, 44, 148, 40]
[1342, 0, 37, 40, 79]
[1343, 13]
[1345, 0]
[1347, 234, 100, 37, 40, 13]
[1348, 100, 37, 60, 79]
[1349, 0, 24, 78, 37, 492, 40, 13]
[1350, 0]
[1351, 0, 40, 13]
[1352, 0, 34, 37, 40, 79, 13]
[1353, 13]
[1355, 16, 100, 37, 99, 40]
[1356, 13]
[1357, 0, 111, 234, 52, 370, 37, 79]
[1358, 111, 234, 52, 40, 79, 13]
[1359, 0, 130, 37, 40, 79]
[1361, 13]
[1362, 2, 23]
[1364, 218]
[1365, 388, 79]
[1366, 0, 40]
[1367, 111, 234, 52, 37, 79]
[1368, 14]
[1369, 13]
[1371, 0, 2, 82, 40, 13]
[1372, 0, 13]
[1375, 13]
[1376, 0, 3, 87, 37, 40, 13]
[1377, 53]
[1378, 0, 13]
[1379, 0, 37, 40]
[1380, 299, 82]
[1381, 0, 50, 64, 130, 37, 40, 79, 13, 209]
[1383, 3, 37]
[1384, 0, 37, 40, 79]
[1385, 0, 34, 787, 37, 40, 1149, 79, 13]
[1387, 0]
[1388, 0, 534, 37, 60, 40, 79, 13]
[1389, 34, 111, 234, 123, 52, 370, 100, 99, 40]
[1390, 53, 13]
[1393, 0, 89, 299, 82, 40]
[1394, 0, 61]
[1395, 2, 25, 64, 130, 148, 37, 40, 459, 79, 209]
[1396, 0, 149, 299, 62, 401, 82, 37, 60, 498, 824, 40, 79, 13, 669]
[1398, 0, 52, 37, 40, 79, 13]
[1399, 0, 52, 621, 79, 13]
[1401, 2, 13]
[1402, 0]
[1403, 170, 251]
[1404, 0, 34, 37, 40, 79]
[1405, 0, 3, 87, 37, 40, 13]
[1406, 0, 2, 52, 100, 37, 99, 235]
[1407, 0, 98, 141, 142, 37, 40, 79]
[1408, 0, 2, 3, 56, 87, 37, 226, 13]
[1409, 0, 2, 40, 13]
[1410, 0, 37, 40, 79, 13]
[1411, 0, 519, 492, 13]
[1412, 13]
[1413, 113, 13]
[1414, 0, 40, 13]
[1415, 0, 64, 130, 218, 138, 148, 40, 583]
[1416, 64, 130]
[1417, 64, 130, 148, 40, 13]
[1418, 0, 15, 60, 472]
[1419, 0, 37, 40]
[1420, 0, 24, 35, 37, 40, 13]
[1422, 130, 13]
[1423, 13]
[1426, 736, 13]
[1428, 0, 37, 40, 13]
[1429, 64, 130, 37, 60, 394, 79]
[1432, 0, 23, 13]
[1435, 13]
[1436, 972, 13]
[1437, 0, 34, 111, 9, 234, 123, 52, 370, 37, 60, 99, 79, 227]
[1438, 0, 113, 100, 37, 60, 40, 1016]
[1439, 0, 34, 37, 40, 79]
[1440, 0, 2, 40]
[1441, 8, 23, 52, 1014, 79, 13]
[1442, 0]
[1443, 523, 509, 13]
[1444, 13]
[1445, 24, 100, 99, 79, 13]
[1446, 113]
[1449, 2, 47, 61, 37, 40, 13]
[1451, 0, 3, 87, 37, 40]
[1452, 0, 140]
[1454, 13]
[1455, 52, 92, 621, 37, 40, 79, 13]
[1456, 13]
[1457, 0, 13]
[1458, 13]
[1459, 0, 64, 130, 27, 148, 40]
[1460, 98, 141]
[1461, 0, 234, 13]
[1464, 0, 74, 37, 40, 79, 13]
[1465, 0, 52, 37, 40, 79]
[1466, 13]
[1467, 0, 152, 40]
[1468, 3, 43, 52, 79, 796]
[1469, 100, 99, 1197]
[1471, 37, 13]
[1472, 234, 37, 40, 79]
[1473, 15, 53, 68]
[1474, 13]
[1476, 0, 24, 89, 225, 171, 37, 40]
[1480, 13]
[1481, 0, 2, 40, 13]
[1482, 13]
[1483, 3, 87, 37, 40, 13]
[1484, 130, 17, 60, 352, 79, 13]
[1485, 0, 40, 13]
[1486, 0, 34, 37, 924, 40, 79]
[1487, 13]
[1488, 0, 24, 53, 37, 13]
[1489, 0, 2, 8, 16, 37]
[1491, 0, 37, 40, 79]
[1492, 13]
[1493, 0, 13]
[1494, 0, 24, 299, 82, 656, 100, 37, 99, 40, 739, 13]
[1495, 0, 34, 37, 40, 79, 13]
[1496, 13]
[1497, 24, 89, 171, 37]
[1498, 37, 40, 79, 13]
[1499, 0, 24, 37, 40, 13]
[1500, 0, 20]
[1501, 13]
[1502, 0, 40]
[1503, 0, 98, 141, 13]
[1504, 141]
[1505, 0, 37, 40]
[1507, 21, 13]
[1508, 130, 37, 60, 40, 447, 79, 13, 227]
[1509, 0]
[1510, 0, 100, 37, 99, 40, 544, 13]
[1512, 13]
[1513, 218, 37, 40, 13]
[1516, 111, 74, 234, 440, 100, 37, 99, 860, 40, 565, 13]
[1517, 37, 60, 40, 79, 209]
[1518, 37, 60, 40, 736, 79, 227]
[1519, 2]
[1520, 165, 13]
[1521, 105]
[1524, 50, 64, 130, 37, 40, 79, 13]
[1525, 13]
[1526, 3, 34, 87, 37, 40, 13, 209]
[1527, 2, 37, 40, 1127, 79, 13]
[1528, 0, 100, 40, 1363, 13]
[1530, 0, 19, 53, 200, 40, 919]
[1532, 0, 13]
[1533, 0, 37, 40]
[1534, 0, 3, 11, 64, 130, 150, 87, 148, 37]
[1536, 40, 895, 13]
[1538, 2, 188, 492, 40, 13]
[1542, 0, 24, 44, 37, 40, 13]
[1543, 0, 796]
[1545, 13]
[1547, 0, 37, 40]
[1549, 37, 60, 40, 1139, 79, 13]
[1550, 13]
[1551, 0, 37, 40, 79]
[1553, 24, 37, 40, 13]
[1555, 0, 102, 60, 79, 13]
[1557, 0, 14, 40, 13]
[1558, 2, 3, 87, 60, 40, 79, 13]
[1559, 13]
[1560, 0, 37, 60, 40, 79]
[1562, 0]
[1563, 531, 618, 13]
[1564, 24, 165, 149, 299, 82, 60, 79, 669]
[1565, 13]
[1566, 2, 74, 250, 37, 341, 79]
[1567, 0]
[1568, 0, 37, 1522, 503, 79]
[1569, 58, 60, 79, 13]
[1570, 53, 130, 13]
[1571, 0, 13]
[1572, 13]
[1573, 0, 47, 40]
[1574, 0, 37, 40, 158, 13]
[1576, 13]
[1577, 13]
[1578, 0, 34, 37, 40, 79]
[1580, 0, 149, 299, 62, 401, 82, 100, 37, 60, 99, 498, 824, 40, 79, 669]
[1582, 13]
[1583, 3, 61, 37, 559]
[1584, 0, 111, 52, 359, 79]
[1585, 0, 24, 299, 613, 82, 37, 40, 13, 669]
[1586, 13]
[1587, 0, 15, 53, 68, 37, 60, 40, 79]
[1588, 0, 40, 13]
[1589, 61, 13]
[1591, 0, 24, 37, 40, 13]
[1592, 79, 13]
[1593, 0, 2, 8, 186, 942, 40]
[1595, 13]
[1596, 0, 64, 130, 37, 60, 40, 1061, 79, 13]
[1598, 0, 37, 40, 79]
[1599, 64, 130]
[1600, 0, 16, 37]
[1602, 0, 52, 37, 40, 79]
[1604, 37, 13]
[1605, 0, 50, 64, 130, 13]
[1606, 290]
[1608, 111, 234, 52, 370, 37, 79]
[1609, 0, 23, 40, 13]
[1610, 0, 3, 56, 87, 37, 407, 13]
[1611, 34, 111, 234, 52, 40]
[1612, 0, 64, 130, 37, 492, 40]
[1613, 0, 13]
[1616, 100, 13]
[1617, 0, 37, 79]
[1618, 13]
[1619, 0, 111, 234, 52, 37, 79]
[1620, 0, 40, 13]
[1622, 0]
[1623, 79]
[1625, 13]
[1626, 0, 13]
[1627, 0, 3, 87, 37, 40]
[1628, 0, 24, 401, 37, 40, 13]
[1630, 0, 534, 20]
[1631, 141, 37, 40]
[1632, 0, 1479]
[1634, 13]
[1635, 34, 53, 37, 40, 632, 79, 13]
[1636, 0]
[1637, 37, 60, 79]
[1638, 13]
[1639, 0, 2, 98, 141, 142, 60, 40, 13]
[1640, 13]
[1642, 24, 79]
[1643, 0, 103, 40, 1049]
[1644, 0, 37, 40, 454, 13]
[1645, 8, 152]
[1647, 15, 52, 60, 1531, 13]
[1648, 0, 64, 130, 148, 40]
[1650, 64, 130, 148, 37, 79]
[1651, 0, 3, 285, 40, 79, 13]
[1652, 0, 13]
[1654, 0, 24, 37, 40]
[1655, 0, 40, 13]
[1656, 0, 37, 40, 79, 13, 209]
[1657, 0, 2, 34, 111, 98, 141, 186, 37, 121, 942, 324, 79, 13]
[1658, 24, 89, 37, 13]
[1659, 0, 111, 234, 52, 37, 870, 79, 13]
[1660, 0]
[1661, 53, 13]
[1662, 320, 13]
[1663, 3, 34, 79]
[1666, 0, 52, 37, 40, 79, 13]
[1667, 0, 40]
[1669, 100, 99, 13]
[1670, 13]
[1671, 0, 3, 87, 37]
[1672, 141, 13]
[1673, 0, 186, 61, 37, 215, 40]
[1674, 13]
[1676, 1068]
[1677, 0, 2, 40]
[1678, 0, 37, 60, 40, 79, 13]
[1679, 0, 37, 60, 40, 79, 13]
[1680, 0, 24, 78, 113, 37, 492, 40]
[1681, 234, 1100, 13]
[1682, 34, 47, 37, 40, 1012, 79]
[1683, 0, 40, 13]
[1684, 0, 37, 40, 13]
[1685, 599, 13]
[1686, 98, 141, 13]
[1687, 0, 21, 186, 40, 13]
[1688, 13]
[1689, 0, 64, 130]
[1690, 13]
[1692, 0, 37, 40]
[1693, 0, 37, 40, 79]
[1694, 0, 149, 299, 470, 255, 82, 60, 487, 79, 13, 669]
[1695, 0, 34, 37, 40, 79, 13]
[1697, 0, 15, 37, 60, 40, 79, 13]
[1698, 13]
[1699, 24, 401, 37, 407, 13]
[1700, 0]
[1701, 3, 23, 87, 37, 204, 79, 13, 796]
[1704, 13]
[1705, 100, 281, 40, 13]
[1706, 24, 34, 111, 234, 123, 52, 370, 99, 40, 1539, 13]
[1707, 2, 234, 40]
[1708, 13]
[1709, 501]
[1710, 14, 613]
[1712, 13]
[1713, 130, 74, 13]
[1714, 113]
[1716, 0]
[1717, 0, 2, 40, 13]
[1719, 0, 138, 40]
[1721, 37, 492, 40, 79, 13]
[1722, 0, 37, 60, 40, 79]
[1723, 0, 40, 13]
[1724, 0, 52, 60, 1665, 13]
[1726, 0, 13]
[1727, 13]
[1728, 0, 37, 40, 13]
[1729, 51, 61, 37, 559, 79, 13]
[1730, 0, 37, 60, 40, 79, 13, 227]
[1731, 0, 47, 13]
[1732, 13]
[1733, 0, 52, 37, 40, 79]
[1734, 16, 37, 40, 13]
[1735, 37, 40, 13]
[1737, 13]
[1738, 78, 545, 255, 37, 492, 40, 79, 13]
[1740, 0]
[1741, 78, 545, 37, 492, 40, 79, 13]
[1742, 300]
[1744, 13]
[1745, 0, 24, 50, 64, 130, 299, 82, 37, 40]
[1746, 2, 3, 87, 37, 13]
[1748, 0, 24, 21, 37, 40, 1030, 13]
[1749, 519]
[1750, 0, 13]
[1751, 0, 34, 37, 40, 79]
[1752, 8, 13]
[1753, 0, 40, 13]
[1754, 0, 37, 40, 79]
[1755, 2, 200, 40, 13]
[1756, 51, 61, 37, 559, 13]
[1757, 13]
[1758, 0, 24, 299, 82, 37, 40, 13]
[1759, 53]
[1761, 0, 18, 13]
[1764, 0, 37, 60, 40, 79, 13]
[1765, 0, 13]
[1766, 64, 130, 387, 148, 37, 60, 663, 79]
[1767, 0, 53, 64, 130, 715, 148, 40]
[1768, 0, 37, 40, 13]
[1770, 0, 24, 35, 37]
[1771, 218]
[1772, 53, 13]
[1773, 0, 37, 40, 79, 13]
[1774, 111, 234, 102, 52, 370, 60, 13]
[1778, 130, 414, 13]
[1780, 13, 209]
[1782, 0, 3, 37, 40]
[1783, 0, 97, 13]
[1784, 0, 34, 64, 130, 100, 37, 99, 40, 79]
[1785, 2, 40]
[1786, 13]
[1787, 0, 23, 40]
[1788, 40, 1354]
[1789, 218, 138, 583]
[1790, 52, 79]
[1791, 0, 37, 40, 1607, 79, 13, 209]
[1792, 0, 40, 13]
[1793, 0, 2, 24, 165, 299, 153, 82, 656, 100, 99, 40]
[1794, 0, 192, 40, 13]
[1796, 13]
[1798, 0, 64, 130, 100, 13, 1448]
[1799, 0, 100, 37, 40]
[1800, 0, 152, 52, 37, 40, 79, 13]
[1801, 0, 37, 40, 79]
[1802, 2, 188, 492, 40]
[1803, 0, 24, 37, 40, 13]
[1804, 13]
[1805, 40, 13]
[1806, 141, 13]
[1807, 0, 8, 470, 255, 37, 60, 40, 1720]
[1808, 100, 99]
[1809, 37, 60, 79]
[1810, 13]
[1811, 37, 40]
[1813, 0, 3, 234, 594, 87, 60, 79, 13]
[1814, 0, 24, 37, 40, 13]
[1816, 0, 917, 40, 13]
[1817, 13]
[1818, 34, 111, 234, 123, 52, 370, 100, 99, 40, 13]
[1819, 0, 113, 37, 40, 13]
[1820, 100, 99, 1561]
[1821, 0]
[1823, 0, 40, 13]
[1825, 384, 492, 13]
[1826, 0, 13]
[1828, 13]
[1830, 50, 64, 130, 13]
[1831, 0, 37, 40]
[1833, 0, 2, 234, 37, 79, 13]
[1834, 0]
[1835, 165, 13]
[1837, 0, 34, 40, 79]
[1838, 0]
[1839, 0, 3, 24, 87, 37, 134, 40, 79]
[1840, 13]
[1841, 234, 40, 13]
[1842, 0, 2, 198, 40]
[1843, 0, 13]
[1844, 13]
[1845, 141]
[1847, 0, 64, 130, 260, 148, 40]
[1848, 0, 16, 60, 79, 13]
[1849, 0, 24, 89, 113, 37]
[1850, 421, 37, 60, 40, 79]
[1852, 13]
[1853, 0, 47, 103]
[1854, 24, 53, 52, 79, 13]
[1855, 0, 40, 13]
[1856, 503, 13]
[1857, 287]
[1858, 0, 37, 40, 79]
[1859, 0, 130, 37]
[1860, 13]
[1861, 0, 2, 40, 13]
[1863, 0, 111, 234, 40, 13]
[1864, 0, 3, 37, 40]
[1865, 0, 24, 37, 40]
[1866, 13]
[1867, 24, 149, 299, 82, 60, 498, 79, 13, 669]
[1868, 53, 256]
[1869, 61, 13]
[1870, 0, 15, 37, 60, 79, 472]
[1872, 0, 37, 40]
[1874, 111, 234, 52, 37, 79]
[1875, 0, 37, 60, 40, 1346, 79, 13]
[1876, 13]
[1877, 0, 64, 130, 152, 474, 40]
[1879, 817]
[1880, 0]
[1881, 0, 37, 40, 13]
[1882, 13]
[1884, 13]
[1885, 0, 64, 130, 17, 148, 37, 60, 79]
[1886, 0, 37, 40, 79, 13]
[1887, 0, 64, 130, 148, 40]
[1889, 100, 13]
[1890, 218, 100, 13]
[1892, 0, 40, 13]
[1893, 0, 37, 60, 40, 79]
[1894, 0, 5, 61, 445]
[1895, 60, 79, 13]
[1896, 0, 100, 212, 99]
[1897, 3, 269, 87, 60, 79, 13]
[1901, 13]
[1903, 0, 2, 3, 11, 64, 130, 150, 87, 148, 13]
[1905, 0, 37, 40, 79]
[1906, 13]
[1908, 0, 40]
[1909, 3, 24, 23, 37, 1190, 79]
[1910, 0, 13]
[1911, 0, 2, 24, 89, 171, 191, 37, 40, 79, 13]
[1912, 37, 170, 79]
[1913, 13]
[1914, 440, 37, 60, 1055, 79, 13]
[1915, 8, 37, 40]
[1916, 37, 40, 79, 13, 209]
[1917, 13]
[1918, 13]
[1919, 649]
[1920, 24, 98, 141, 37, 40, 13]
[1921, 618]
[1922, 0, 24, 149, 299, 52, 82, 37, 60, 40, 13, 669]
[1923, 43, 52, 100, 99, 79]
[1924, 380]
[1926, 0, 2, 153, 79, 13, 209]
[1927, 3, 34, 87, 79, 13]
[1928, 523, 13]
[1929, 0, 40, 13]
[1930, 0, 13]
[1931, 256, 52, 13]
[1934, 100, 366]
[1935, 37, 60, 40, 79]
[1937, 13]
[1938, 19, 16, 135, 40, 79, 13]
[1939, 421, 1400]
[1940, 0, 2, 40, 13]
[1942, 0, 40]
[1944, 0, 13]
[1945, 13]
[1946, 0, 40]
[1947, 13]
[1948, 0, 37, 60, 40, 79, 227]
[1949, 683, 13]
[1951, 13]
[1952, 53]
[1953, 0]
[1954, 113, 13]
[1955, 0, 37, 40]
[1956, 61, 37, 40, 79]
[1958, 0, 234, 103, 13]
[1959, 0, 34, 37, 79, 13]
[1960, 24, 89, 37, 1201, 13]
[1961, 98, 141, 824, 13]
[1962, 0, 24, 37, 40]
[1963, 0, 255, 40]
[1964, 37, 40, 79, 13]
[1965, 13]
[1966, 53, 13]
[1967, 0, 23, 74, 40, 13]
[1969, 0, 8, 234, 13]
[1970, 0, 13]
[1971, 64, 130]
[1972, 0, 3, 87, 37, 40, 13]
[1973, 50, 64, 130, 100, 37, 99, 40, 544, 13]
[1974, 0, 24, 37, 40]
[1975, 0]
[1976, 13]
[1977, 24, 299, 82, 37, 60, 79, 13, 669]
[1979, 0, 37, 60, 40, 79]
[1980, 117, 100]
[1981, 0, 141, 100, 40, 13]
[1982, 13]
[1983, 152]
[1984, 27, 148, 37, 79]
[1985, 3, 16]
[1987, 0, 305, 13]
[1988, 21, 113]
[1989, 0, 53, 52, 337, 37, 40, 428, 79]
[1990, 0, 149, 299, 62, 61, 113, 401, 82, 245, 60, 498, 824, 40, 1668, 559, 669]
[1991, 0, 13]
[1992, 13]
[1994, 531]
[1995, 40]
[1997, 3, 285, 79, 13]
[1998, 0, 44, 52, 100, 37, 40, 1529, 79, 13]
[2001, 0, 37, 419, 1999, 79, 13]
[2003, 13]
[2004, 0, 3, 87, 37, 40, 13]
[2006, 0, 13]
[2007, 0, 64, 130, 148, 40, 13]
[2008, 0, 37, 40, 13]
[2009, 0, 37, 40, 110, 13]
[2010, 130, 13]
[2011, 13]
[2012, 0, 37, 40, 79]
[2013, 13]
[2014, 0, 40]
[2016, 100, 99]
[2017, 34, 37, 79, 13]
[2018, 24, 97, 37, 40]
[2019, 0, 37, 40, 79]
[2020, 47, 13]
[2021, 2, 37]
[2022, 37, 60, 40, 79]
[2023, 0, 141, 253, 37, 60, 40, 79]
[2024, 218, 387, 138, 100, 212, 140, 37, 99, 831, 1575, 583, 1374, 79, 13]
[2025, 0, 13]
[2026, 105, 13]
[2027, 24]
[2028, 2, 225, 287]
[2030, 0, 13]
[2031, 13]
[2032, 0, 40, 13]
[2033, 0]
[2034, 492, 13]
[2035, 0, 2, 61, 749, 407, 40, 1668, 559, 13]
[2036, 218, 13]
[2037, 0, 2, 24, 64, 130, 100, 148, 37, 99, 40, 1065]
[2038, 1254, 13]
[2039, 37, 40, 13]
[2040, 1]
[2041, 24, 89, 37, 13]
[2042, 0, 102, 60, 13]
[2043, 0, 2, 301, 40]
[2044, 13]
[2045, 0, 40]
[2046, 3, 269, 87, 60, 79, 13]
[2048, 0, 407, 40]
[2049, 53, 481, 40]
[2050, 37, 40, 79, 209]
[2051, 13]
[2052, 186, 52, 37, 40, 79]
[2053, 200, 13]
[2054, 14]
[2056, 24, 149, 299, 82, 60, 79, 669]
[2057, 0]
[2058, 0, 79, 209]
[2059, 0, 215]
[2060, 60]
[2061, 53, 52, 37, 79]
[2062, 0, 15, 64, 130, 13]
[2065, 0, 3, 37, 40, 13]
[2066, 0, 37, 40]
[2068, 165, 13]
[2069, 100, 13]
[2070, 300, 100, 13]
[2071, 0, 250, 268, 79]
[2072, 0]
[2073, 18, 13]
[2074, 13]
[2075, 0, 64, 8, 130, 17, 37, 60, 40, 79, 13]
[2076, 3, 23, 87, 37, 276]
[2078, 24, 37]
[2079, 0, 37, 40]
[2081, 13]
[2083, 0, 234]
[2085, 0, 37, 40, 79, 13]
[2087, 546, 13]
[2088, 130, 13]
[2089, 113]
[2092, 0, 234, 13]
[2093, 0, 37, 40, 79, 13]
[2094, 0, 2, 40, 13]
[2095, 0, 40, 13]
[2096, 6, 99, 40]
[2097, 61]
[2098, 16, 37, 40]
[2100, 0, 37, 40, 13]
[2101, 34, 61, 37, 559, 79, 13]
[2102, 0, 13]
[2103, 0, 37, 60, 40, 79, 13]
[2104, 0, 2, 40, 13]
[2105, 0, 37, 60, 40, 79, 13]
[2106, 503, 13]
[2107, 13]
[2108, 0, 13]
[2111, 13]
[2112, 0]
[2113, 165, 37, 79]
[2117, 0, 24, 401, 37, 40, 13]
[2118, 0, 52, 787, 37, 40, 79, 13]
[2119, 0, 111, 234, 52, 37, 79, 13]
[2121, 24]
[2122, 0, 64, 130, 113, 148, 40, 13]
[2123, 0, 234, 486, 13]
[2124, 0, 15, 37, 60, 79, 13, 472]
[2125, 481, 13]
[2127, 52, 100, 37, 99, 40, 79]
[2128, 0, 70, 394, 40, 13]
[2129, 111, 8, 130, 234, 52, 40, 414, 79]
[2130, 0, 40, 13]
[2131, 24, 130, 37, 352, 40, 13]
[2134, 152]
[2135, 13]
[2136, 24, 89, 171, 37, 13]
[2137, 0]
[2138, 34, 53, 111, 234, 123, 52, 337, 370, 100, 99, 40, 428, 13]
[2139, 0, 440, 37, 407, 40, 79, 13]
[2140, 47]
[2141, 13]
[2142, 37, 40]
[2143, 0, 2, 40]
[2144, 53]
[2145, 23, 37, 60, 920, 79, 796]
[2146, 0, 37, 40, 79, 13]
[2147, 0, 37, 60, 79, 13]
[2148, 0, 2, 33, 40]
[2149, 0, 24, 89, 40]
[2150, 3, 98, 141, 100, 87, 37, 99, 13]
[2151, 37, 60, 40, 79, 227]
[2152, 0, 218, 61, 13]
[2153, 130, 141]
[2154, 64, 130]
[2155, 0, 318, 407, 40, 1824]
[2156, 0]
[2158, 13]
[2159, 0, 24, 78, 100, 37, 492, 40, 13]
[2160, 100, 37, 60, 239, 40, 1425, 79, 13, 227]
[2161, 0, 37, 40]
[2162, 37, 60, 79, 13, 227]
[2163, 0, 37, 40, 79]
[2166, 0, 64, 130, 40]
[2167, 103]
[2169, 0, 37, 40, 13]
[2170, 0]
[2171, 2, 37, 79, 13]
[2172, 21, 13]
[2173, 0, 24, 37, 40]
[2174, 13]
[2175, 0]
[2176, 13]
[2177, 13]
[2178, 0, 2]
[2179, 0, 17, 37, 60, 40, 79]
[2180, 15, 53, 68, 37, 60, 40, 209]
[2181, 0, 3, 64, 130, 52, 27, 148, 40, 79]
[2182, 24, 37]
[2183, 52, 621, 37, 40, 79, 13]
[2184, 0, 130, 1797]
[2185, 0, 37, 60, 40, 79, 13]
[2186, 34, 61, 37, 559, 79]
[2187, 0, 37, 60, 40, 79, 13]
[2188, 0, 79, 13]
[2189, 0, 98, 141, 300, 37, 40, 1747]
[2190, 0, 52, 209]
[2191, 141]
[2192, 3, 111, 234, 52, 370, 87, 40, 79, 13]
[2194, 0, 44, 13]
[2196, 37, 79, 13]
[2199, 0, 40, 13]
[2200, 0, 37, 40]
[2203, 0, 13]
[2204, 13]
[2205, 0, 234, 13]
[2206, 13]
[2207, 106, 13]
[2209, 0, 37, 40, 13]
[2210, 13]
[2212, 24, 149, 299, 82, 37, 60, 498, 40, 1397, 569, 669]
[2213, 0]
[2214, 0, 37, 40, 79]
[2217, 0, 2, 40]
[2218, 2, 34, 100, 99, 235, 40, 939]
[2219, 13]
[2221, 79, 13]
[2222, 0, 3, 87, 37, 40]
[2223, 113, 13]
[2224, 0, 24, 37, 40, 13]
[2225, 21]
[2226, 13]
[2227, 0, 24, 89, 60, 40, 79]
[2229, 0, 37, 60, 40, 79]
[2231, 13]
[2232, 8, 130, 492, 40, 13]
[2233, 827, 360]
[2234, 24, 64, 130, 148, 37, 13]
[2235, 0, 61]
[2237, 0, 53]
[2238, 14, 100, 99, 408]
[2240, 0, 52, 92, 621]
[2241, 0, 82, 37, 40, 13]
[2242, 0, 13]
[2243, 0, 250, 37, 40]
[2244, 64, 130, 13]
[2245, 34, 111, 234, 123, 52, 370, 100, 99, 40]
[2246, 0, 2, 152, 52, 37, 474, 40, 79]
[2247, 37, 40, 79]
[2248, 100, 13]
[2249, 0, 100, 37, 60, 239, 40, 79, 227]
[2250, 37, 13]
[2251, 0, 53, 501, 37, 40, 1103, 1514, 79]
[2252, 0, 23, 388, 40]
[2253, 0, 534, 920, 13]
[2254, 113]
[2256, 13]
[2257, 0, 64, 130]
[2260, 13]
[2262, 37, 40]
[2263, 3, 102, 60, 40, 79]
[2264, 13]
[2265, 3, 87, 79, 13]
[2266, 40]
[2267, 0, 103, 37, 60, 40, 79, 13]
[2268, 599]
[2269, 60, 79]
[2270, 0, 2, 34, 384, 37, 492, 79]
[2271, 0, 37, 40, 79]
[2272, 13]
[2273, 0, 24, 34, 401, 37, 40, 2047, 79, 13]
[2274, 0, 13]
[2275, 13]
[2276, 24, 50, 149, 299, 260, 82, 148, 60, 40, 79, 669]
[2277, 0, 2, 37, 459, 79, 209]
[2278, 0, 200, 40]
[2279, 13]
[2281, 0, 37, 40]
[2282, 0, 40]
[2284, 340]
[2285, 0, 8, 13]
[2286, 0, 24, 37, 40]
[2287, 13]
[2289, 0, 37, 40, 13]
[2290, 0, 61, 37, 40, 2288, 79, 13]
[2291, 105]
[2292, 0, 2, 40]
[2293, 218]
[2294, 0, 3, 15, 53, 130, 68, 87, 60, 79, 13]
[2296, 47]
[2297, 0, 37, 40, 79, 13]
[2298, 0, 40, 1996, 13]
[2299, 0, 13]
[2301, 0, 388, 37, 40, 13]
[2302, 0, 34, 37, 40, 736, 79, 13]
[2303, 0, 113, 60, 1016, 79]
[2304, 0]
[2305, 24, 149, 299, 82, 37, 498, 40, 447, 669, 227]
[2306, 23, 14, 37, 419, 1898, 79, 13]
[2307, 117, 37, 60, 40, 79, 13]
[2309, 0, 37, 60, 40, 79]
[2310, 152, 519]
[2312, 0, 3, 11, 87, 37, 40, 13]
[2313, 0, 13]
[2314, 74, 13]
[2316, 13]
[2318, 23, 501, 52, 37, 79, 13]
[2319, 0, 13]
[2320, 13]
[2321, 0, 2, 141, 37, 79, 209]
[2322, 111, 234, 52, 359, 40, 79]
[2323, 0, 37, 40, 79]
[2326, 13]
[2327, 24, 234, 37, 40]
[2328, 0, 253, 40]
[2329, 2, 37]
[2330, 53]
[2332, 0, 40, 13]
[2333, 0, 24, 89, 37, 13]
[2334, 64, 130]
[2335, 0, 470, 255, 100, 37, 40, 13]
[2336, 0, 234, 100]
[2337, 0, 3, 24, 130, 72, 218, 87, 414]
[2339, 492]
[2341, 0, 16, 78, 545, 37, 492, 40]
[2343, 0, 2, 153, 37, 13]
[2344, 53, 13]
[2345, 13]
[2346, 64, 130]
[2347, 0, 3, 87, 1851]
[2348, 64, 130, 100, 148, 99, 13]
[2349, 60, 79]
[2351, 0, 37, 60, 40, 79, 13]
[2352, 0, 13]
[2354, 0, 34, 111, 9, 234, 123, 52, 370, 100, 37, 827, 60, 99, 360, 79, 227]
[2355, 113]
[2356, 0, 34, 37, 40, 79, 13]
[2357, 13]
[2358, 0, 13]
[2361, 0, 37, 60, 40, 79, 227]
[2363, 13]
[2364, 17, 37, 60, 79]
[2366, 0, 2, 3, 87, 37, 523, 13]
[2367, 387]
[2368, 0, 37, 40, 13]
[2369, 13]
[2370, 0, 100, 99]
[2371, 0, 61, 2201, 13]
[2372, 0, 3, 285, 52, 37, 60, 40, 2340, 227]
[2373, 98, 141]
[2374, 130, 13]
[2375, 0, 111, 234, 52, 37, 79, 1993]
[2376, 3, 37, 40]
[2377, 13]
[2378, 24, 37]
[2379, 13]
[2380, 0, 508, 40, 13]
[2381, 0, 165]
[2382, 0, 52, 40, 79, 13]
[2383, 13]
[2384, 13]
[2385, 113, 13]
[2386, 0]
[2387, 34, 421, 37, 40, 79]
[2388, 13]
[2390, 0, 218, 138, 37, 40, 583, 503, 13]
[2391, 37, 60, 40, 79, 13]
[2392, 0, 14, 37, 40, 79, 13]
[2393, 0, 37, 60, 40, 79]
[2394, 13]
[2396, 2, 40]
[2397, 138]
[2398, 0, 37, 40, 79, 13]
[2399, 0]
[2400, 0, 37, 40]
[2401, 13]
[2402, 0, 2, 105, 40, 13]
[2403, 0]
[2404, 21, 256, 1590, 13]
[2405, 218]
[2406, 24, 149, 299, 82, 60, 79, 13, 669]
[2408, 24, 89, 37, 13]
[2409, 0, 40]
[2410, 0, 3, 11, 64, 130, 150, 87, 148, 37, 13]
[2411, 0, 50, 64, 98, 130, 141]
[2412, 0, 24, 89, 16, 52, 135, 37, 40, 1023, 79]
[2413, 47, 13]
[2414, 0, 37, 40, 79]
[2416, 0, 192, 40]
[2417, 0]
[2419, 13]
[2420, 0, 52, 621, 942, 79]
[2421, 13]
[2422, 0, 53, 64, 130, 100, 37, 40, 79, 13]
[2423, 0, 23, 100, 37, 1986, 13]
[2424, 0, 61]
[2425, 13]
[2426, 0, 40, 13]
[2427, 34, 37, 924, 40, 79, 13]
[2428, 0, 24, 37, 40, 13]
[2429, 0, 40, 13]
[2430, 2, 37, 60, 79]
[2433, 64, 130, 13]
[2434, 0, 53, 130, 186, 52, 37, 40, 79, 13]
[2436, 13]
[2437, 0, 3, 87, 37, 40, 13]
[2438, 24, 34, 79]
[2439, 8, 37, 40, 79, 209]
[2441, 0]
[2442, 0, 40]
[2443, 13]
[2445, 13]
[2446, 0, 234, 40]
[2447, 0, 37, 40, 79, 13]
[2449, 37, 40, 79, 209]
[2450, 0, 900]
[2451, 0, 24, 401, 37, 40, 13]
[2452, 0, 82]
[2453, 13]
[2454, 13]
[2455, 0, 3, 37, 40, 13]
[2456, 234, 13]
[2457, 0, 683, 37, 40, 341, 79, 13]
[2458, 21, 152, 100, 99]
[2460, 0, 74, 40, 13]
[2462, 64, 130, 148, 40]
[2463, 0, 40, 883, 13]
[2464, 64, 130, 148, 13]
[2465, 24, 89, 256, 171, 191, 37, 79, 13]
[2467, 37, 40, 79, 13]
[2469, 0, 17, 37, 60, 40, 79, 13]
[2470, 0, 37, 40]
[2471, 24, 16, 299, 153, 82, 37, 40, 13]
[2472, 0, 34, 103, 37, 40, 79]
[2473, 0, 100, 60, 99, 544, 79, 13]
[2474, 787]
[2475, 0, 60, 407, 40, 13]
[2476, 13]
[2478, 0]
[2479, 0, 40]
[2481, 0, 2, 40, 1978]
[2482, 13]
[2483, 24, 37, 954, 13]
[2484, 0, 3, 100, 87, 99, 13]
[2485, 0, 24, 299, 255, 82, 37, 40]
[2486, 13]
[2487, 0, 508, 40]
[2488, 0, 113]
[2490, 0, 749, 407, 40, 13]
[2491, 141, 13]
[2492, 0, 50, 64, 130, 534, 37, 275, 13]
[2493, 13]
[2495, 281]
[2496, 0, 40, 13]
[2497, 50, 64, 130]
[2498, 0, 105, 52, 92, 621, 37, 40, 79, 869]
[2499, 0, 40, 13]
[2500, 0, 37, 40, 79, 13]
[2501, 0, 52, 37, 40, 79]
[2502, 24, 299, 82, 37, 40, 669]
[2503, 0, 37, 40, 618, 2193, 13]
[2504, 13]
[2505, 13]
[2506, 0, 13]
[2508, 300, 13]
[2509, 0, 2, 40]
[2510, 61, 52, 37, 40, 79]
[2511, 24, 53, 89, 256, 171, 37, 60, 1178, 1386, 2157, 79, 13]
[2512, 40, 13]
[2513, 3, 100, 87, 211]
[2514, 100, 13]
[2515, 0, 64, 130, 37, 60, 40, 79]
[2516, 0, 40]
[2517, 37, 60, 40, 79]
[2518, 0, 15, 37, 60, 40, 79, 13]
[2520, 0, 37, 40, 599, 79]
[2521, 13]
[2523, 0, 24, 102, 401, 60, 79]
[2524, 0, 37, 40]
[2526, 13]
[2527, 0, 34, 1725, 13]
[2528, 64, 130]
[2529, 15, 53, 68, 37, 60, 79, 13]
[2531, 13]
[2532, 53, 37, 40, 13]
[2533, 0, 40, 13]
[2534, 218, 221, 138, 583]
[2535, 0, 24, 37, 40, 13]
[2538, 492, 13]
[2539, 13]
[2540, 13]
[2541, 13]
[2542, 1148, 13]
[2545, 0, 37, 40, 79, 13]
[2546, 0, 40]
[2547, 0, 8, 100, 212, 99, 40]
[2549, 13]
[2550, 0, 40]
[2551, 13]
[2552, 0, 218]
[2553, 79]
[2554, 13]
[2555, 0, 613, 13]
[2556, 0, 2, 3, 87, 60, 40, 79]
[2557, 0, 34, 111, 234, 123, 52, 370, 100, 37, 99, 20, 40, 161, 79]
[2558, 34, 60, 13]
[2559, 13]
[2561, 0]
[2562, 74]
[2563, 0, 40, 13]
[2565, 61, 60, 447, 79, 227]
[2566, 407, 40]
[2567, 52, 37, 79, 13]
[2568, 0, 15, 37, 60, 79, 13, 472]
[2569, 13]
[2571, 0, 225, 40, 13]
[2572, 200, 37, 40, 79, 13]
[2573, 0, 234]
[2574, 0, 100, 37, 99, 40]
[2575, 3, 111, 234, 52, 37, 60, 860, 79, 227, 209]
[2576, 103, 14]
[2578, 13]
[2579, 0, 37, 40, 79]
[2580, 13]
[2582, 0]
[2583, 50, 130, 234, 148, 275, 13]
[2584, 1478, 340]
[2586, 13]
[2587, 16]
[2588, 2, 37, 60, 79, 227]
[2589, 3, 24, 87, 13]
[2590, 13]
[2592, 13]
[2593, 0, 13]
[2594, 0, 440, 40]
[2595, 445, 13]
[2596, 0, 37, 155, 40, 13]
[2598, 2, 40, 13]
[2599, 100, 99, 13]
[2600, 0, 51, 61, 37, 40, 559, 79, 13]
[2601, 0, 24, 37, 40]
[2602, 0, 37, 60, 40, 79, 13]
[2603, 0, 8, 37, 60, 79, 13]
[2604, 0, 98, 23, 141, 40, 13]
[2607, 0, 100, 37, 40, 79]
[2608, 1711]
[2609, 0, 37, 40]
[2610, 64, 130, 13]
[2611, 13]
[2612, 0, 61, 70, 40, 559, 13]
[2613, 165, 13]
[2615, 13]
[2616, 0, 34, 37, 40, 79]
[2617, 53, 37]
[2618, 0]
[2620, 0, 111, 234, 52, 37, 79, 13]
[2621, 0, 40]
[2622, 1148]
[2623, 64, 130, 218, 138, 583, 13]
[2624, 0]
[2626, 113]
[2627, 0, 37, 40, 79]
[2628, 13]
[2629, 2, 40]
[2630, 13]
[2631, 111, 234, 52, 40, 79, 13]
[2632, 2, 53, 149, 299, 62, 61, 113, 401, 82, 245, 60, 498, 824, 1668, 559, 669]
[2633, 0, 300, 97, 13]
[2634, 37, 40, 79, 13]
[2636, 0, 52, 37, 40, 79]
[2638, 0, 2, 18, 40]
[2639, 0, 37, 503]
[2640, 13]
[2641, 0, 50, 64, 130]
[2642, 13]
[2643, 750, 13]
[2644, 24, 37, 40]
[2645, 152, 52, 60]
[2646, 13]
[2647, 0, 98, 141, 37, 60, 40, 79, 13]
[2648, 44, 1941, 13]
[2649, 0, 287]
[2650, 15, 34, 53, 21, 68, 60]
[2652, 0, 37, 40]
[2653, 0, 40]
[2654, 0, 37, 40, 79, 13]
[2655, 24, 61, 37, 40, 13]
[2656, 0, 40]
[2657, 13]
[2658, 165, 256, 113, 60, 1386, 79]
[2659, 2, 25, 64, 130, 148, 37, 40, 459, 79, 209]
[2660, 0, 37, 40, 13]
[2661, 3, 79]
[2662, 13]
[2663, 130, 72, 17, 218, 37, 60, 40, 414, 79, 13]
[2664, 0, 64, 130, 1523, 13]
[2665, 0, 3, 87, 37, 40]
[2668, 0, 130, 267, 13]
[2669, 13]
[2670, 13]
[2671, 0, 34, 111, 234, 123, 218, 52, 370, 100, 37, 99, 13]
[2672, 0, 40, 13]
[2673, 0, 681, 13]
[2675, 0, 2, 40]
[2676, 0, 105]
[2677, 0, 37, 40, 79]
[2678, 0, 37, 40]
[2679, 0, 1114]
[2680, 0, 37, 40, 83, 145]
[2681, 3, 285, 79]
[2682, 0]
[2683, 37, 989, 40, 79, 209]
[2684, 750]
[2685, 613, 37, 79, 13]
[2686, 0, 37, 60, 40, 79, 13]
[2687, 0, 13]
[2688, 0, 37, 60, 40, 79, 13]
[2689, 0, 40]
[2690, 100, 99]
[2691, 98, 141, 142, 79]
[2692, 0, 13]
[2693, 2, 3, 24, 149, 299, 82, 87, 37, 60, 40, 333, 1904, 2208, 2635, 79, 13, 669]
[2694, 13]
[2695, 0, 24, 28, 37, 40, 599, 13]
[2696, 0, 100, 2619, 340, 13]
[2697, 100, 13]
[2699, 234, 37, 40]
[2700, 64, 130, 52, 148, 37, 79, 13]
[2702, 0, 148, 13]
[2704, 0, 37, 40, 79, 13]
[2705, 0, 2, 40, 13]
[2706, 0, 141, 40, 13]
[2707, 24, 37, 40, 13]
[2708, 13]
[2709, 3, 61, 255, 87, 37, 40]
[2710, 234, 52, 37, 40, 79]
[2711, 24, 8, 89, 40, 79, 209]
[2712, 0, 37, 40, 79, 13]
[2713, 37, 40]
[2714, 53, 47, 100, 99, 328]
[2715, 0, 2, 269, 37, 60, 40, 1736, 79]
[2716, 13]
[2717, 0, 2, 74, 37, 459, 79, 13, 209]
[2718, 64, 130, 27, 148, 40, 744, 13]
[2719, 5, 64, 61, 148, 40, 414, 2350, 445]
[2720, 40, 380, 1114, 13]
[2723, 13]
[2724, 0, 50, 64, 130]
[2727, 13]
[2728, 0, 37, 60, 40, 79]
[2729, 37, 989, 40, 79, 13, 209]
[2730, 60]
[2731, 0, 130, 113, 60, 1016, 79]
[2733, 0, 37, 40]
[2734, 98, 141, 52, 142, 368]
[2736, 40]
[2737, 13]
[2738, 0, 3, 87, 37, 40, 13]
[2739, 0, 40, 13]
[2740, 0, 37, 40, 13]
[2742, 141, 59, 2530, 13]
[2743, 0, 2, 40]
[2744, 0, 149, 299, 62, 401, 82, 37, 60, 498, 824, 40, 79, 669]
[2745, 13]
[2746, 0, 13]
[2747, 0, 2, 198, 40]
[2748, 0, 24, 37, 40, 13]
[2749, 102, 37, 60, 40, 79]
[2750, 13]
[2752, 0, 2, 40]
[2753, 37, 13]
[2754, 13]
[2755, 37, 40, 79]
[2756, 34, 111, 9, 234, 123, 52, 370, 100, 37, 60, 99, 40, 79, 227]
[2757, 13]
[2758, 0, 24, 37, 40, 13]
[2759, 113, 13]
[2760, 0, 37, 40]
[2761, 0, 37, 40, 79, 13]
[2763, 836]
[2764, 13]
[2766, 24, 149, 299, 82, 60, 79, 669]
[2767, 37, 60, 79, 13]
[2768, 2, 384, 492, 40]
[2769, 0, 37, 60, 40, 79, 13]
[2770, 37]
[2772, 0, 24, 149, 299, 82, 60, 498, 79, 13, 669]
[2773, 0, 2, 3, 25, 64, 130, 148, 459, 39, 79, 13, 209]
[2778, 2, 3, 130, 61, 37, 155, 40, 1069, 559, 2000, 79]
[2779, 3, 23, 87, 37]
[2780, 0, 3, 11, 64, 130, 150, 87, 148, 37]
[2781, 0, 64, 130, 260, 148, 40, 13]
[2782, 0, 13]
[2783, 13]
[2784, 0, 103, 100, 40, 13]
[2785, 100]
[2786, 0, 37, 40, 79]
[2787, 0, 24, 34, 89, 40, 79]
[2788, 40, 13]
[2790, 0, 37, 60, 40, 79, 227]
[2791, 105, 13]
[2792, 64, 130, 61, 37, 40]
[2793, 37, 40, 341, 79, 13]
[2794, 152]
[2795, 13]
[2796, 5, 64, 61, 10, 148, 37, 341, 414, 79, 2350, 445, 13]
[2797, 0, 2, 74, 103, 717, 40]
[2798, 0, 186, 408]
[2800, 0, 200, 37, 40]
[2801, 100, 99, 13]
[2802, 0, 40, 13]
[2803, 37, 60, 40, 79, 13, 227]
[2804, 13]
[2805, 64, 130, 37, 60, 40, 1095, 79, 13]
[2807, 53, 13]
[2808, 2, 34, 111, 98, 141, 186, 52, 121, 942, 40, 324, 13]
[2809, 0, 13]
[2810, 13]
[2811, 24, 60, 79]
[2814, 0, 287, 1470, 79, 13]
[2816, 0, 64, 130, 148, 40]
[2817, 0, 24, 35, 37, 40]
[2820, 0, 40]
[2821, 15, 34, 53, 60, 40, 472]
[2822, 0, 37, 40, 13]
[2823, 0, 234]
[2824, 0, 1453]
[2825, 13]
[2826, 53, 715, 100, 99]
[2827, 13]
[2828, 0, 2, 40]
[2829, 0, 13]
[2830, 0, 92, 481, 621]
[2832, 234, 37, 40, 79, 13]
[2834, 0, 37, 40, 13]
[2835, 16, 37, 40, 13]
[2836, 0, 141, 40, 13]
[2838, 0, 24, 299, 52, 82, 179, 79, 13]
[2839, 19, 37, 79]
[2840, 0, 40, 13]
[2841, 0, 79, 13, 209]
[2842, 0, 13]
[2843, 13]
[2844, 44, 13]
[2845, 0, 23, 103, 40, 1544, 925, 13]
[2846, 0, 61, 13]
[2847, 0, 13]
[2848, 492]
[2849, 0, 23, 40]
[2850, 0, 24, 299, 82, 37, 40, 523, 13]
[2852, 0, 24, 60, 79]
[2853, 0, 40]
[2854, 60, 79]
[2855, 0, 3, 87, 37, 40, 13]
[2856, 0, 111, 234, 52, 370, 37, 79, 1883]
[2857, 0, 2, 3, 138, 37, 40, 13]
[2858, 37, 40, 79]
[2859, 13]
[2860, 0, 64, 130, 47, 260, 269, 97, 148, 37, 60, 79]
[2861, 13]
[2862, 37, 40]
[2863, 24, 50, 64, 130, 37, 40, 618, 13]
[2864, 0, 37, 40, 79, 13]
[2865, 0, 2, 40, 13]
[2866, 13]
[2867, 0, 24, 401, 37, 40]
[2868, 8, 256, 60, 1386, 79, 13]
[2869, 0, 40, 13]
[2871, 13]
[2872, 37, 40, 464]
[2873, 0, 98, 141, 40]
[2874, 34, 130, 79, 13]
[2875, 100]
[2876, 141, 100, 13]
[2877, 0]
[2878, 13]
[2882, 0, 37, 40]
[2883, 0, 37, 40, 79]
[2884, 64, 130]
[2885, 0, 2, 3, 15, 53, 165, 68, 87, 60, 33, 40, 79]
[2886, 13]
[2887, 0, 21, 250, 37]
[2888, 0, 103, 1711, 796]
[2889, 13]
[2891, 0, 403]
[2892, 0, 24, 299, 113, 82, 37, 40, 1, 669]
[2895, 0, 37, 60, 40, 79]
[2896, 0, 24, 64, 89, 130, 37, 13]
[2897, 13]
[2898, 43, 64, 130, 52, 27, 140, 148, 37, 79, 13]
[2900, 0, 13]
[2901, 53]
[2902, 250, 52, 79, 13]
[2903, 2]
[2904, 0, 24, 481, 37, 40]
[2905, 13]
[2906, 34, 37, 40, 79]
[2907, 0, 40, 13]
[2908, 0, 37, 40, 79, 13]
[2909, 407, 40, 13]
[2910, 0, 677, 13]
[2911, 13]
[2912, 100, 99]
[2913, 24, 53]
[2914, 37, 40, 79]
[2915, 14, 13]
[2916, 13]
[2917, 40, 13]
[2918, 0, 8, 98, 141, 142, 37, 40, 79]
[2919, 0, 130, 37, 40, 414]
[2920, 0, 113, 40, 13]
[2922, 149, 299, 62, 501, 401, 82, 37, 60, 498, 824, 40, 503, 79, 669]
[2923, 0, 165, 470, 255, 100, 37, 40, 367, 1248, 13]
[2925, 0, 3, 165, 501, 87, 37, 40, 2165, 2324, 650]
[2926, 0, 15, 24, 299, 218, 82, 656, 100, 60, 99, 79, 13]
[2927, 2, 53, 501, 715, 2064, 13]
[2928, 64, 130, 61, 148, 40, 13]
[2929, 2, 61, 40, 1309, 13]
[2930, 0, 64, 130, 148, 40, 13]
[2931, 0, 37, 40, 79]
[2932, 37, 60, 40, 79]
[2933, 0, 100, 37, 99, 40, 544]
[2937, 0, 21, 40, 13]
[2938, 2, 37, 79, 13]
[2939, 13]
[2940, 0, 37, 40, 13]
[2941, 18]
[2942, 234]
[2943, 0, 50, 64, 130, 13]
[2944, 6, 256, 99, 40, 13]
[2945, 0]
[2946, 0, 470, 255, 37, 40, 13]
[2947, 13]
[2948, 13]
[2949, 0, 40]
[2951, 0, 130, 37, 40]
[2952, 0, 24, 37, 492, 40]
[2953, 23]
[2954, 3, 52, 87, 37, 60, 1506, 227]
[2955, 0, 13]
[2957, 0, 111, 234, 621, 40, 2880, 13]
[2958, 13]
[2959, 0, 24, 78, 37, 492, 40, 13]
[2960, 0, 74, 37, 40]
[2961, 0, 100]
[2962, 100]
[2963, 16, 37, 40]
[2964, 0, 24, 52, 37, 40, 1258]
[2965, 0, 917, 40, 13]
[2966, 0]
[2967, 2]
[2968, 0, 56, 87]
[2969, 37, 40, 79, 13, 209]
[2970, 152, 40]
[2971, 24, 64, 89, 130, 37, 13]
[2972, 0, 37, 40]
[2973, 0, 37, 60, 40, 79]
[2974, 13]
[2975, 0, 37, 60, 40, 79]
[2976, 0, 2, 40]
[2978, 0, 37, 20, 40, 79, 209]
[2979, 37, 40]
[2980, 13]
[2982, 16, 40, 2230, 13]
[2983, 64, 130, 13]
[2984, 0]
[2985, 24, 149, 299, 82, 60, 79, 669]
[2986, 13]
[2988, 0, 34, 37, 40, 79]
[2989, 0, 218, 138, 37, 40, 583, 79]
[2991, 13]
[2992, 0, 53, 37, 40]
[2993, 13]
[2994, 0, 736]
[2996, 0, 15, 53, 68, 37, 60, 40, 79]
[2997, 0, 407, 40]
[2998, 0, 3, 87, 37, 40, 13]
[2999, 13]
[3000, 0, 13]
[3002, 2, 24, 37, 1601, 13]
[3003, 141]
[3004, 256, 40]
[3005, 0, 2, 24, 40, 201, 79, 209]
[3006, 24, 53, 299, 82, 656, 100, 60, 99, 276, 2813, 79, 13]
[3009, 34, 64, 130, 260, 148, 37, 407, 40, 839, 79]
[3010, 13]
[3011, 60, 79, 227]
[3014, 0, 24, 37, 40]
[3015, 111, 234, 52, 370, 60, 40]
[3016, 0, 40]
[3017, 13]
[3018, 52, 37, 40, 79, 13]
[3019, 2, 153, 531, 37]
[3022, 8, 113, 100, 99, 13]
[3023, 24, 53, 89, 234, 285, 594, 87, 37, 60, 686, 1581]
[3024, 13]
[3025, 259, 13]
[3026, 13]
[3027, 3, 141, 234, 61, 52, 87, 475, 990, 79]
[3028, 52, 2308, 79, 13]
[3030, 111, 234, 52, 370, 138, 37, 782, 1261, 79, 13]
[3031, 1696, 2625]
[3032, 0, 79]
[3033, 0, 40, 445]
[3034, 13]
[3036, 13]
[3037, 0, 13]
[3038, 13]
[3039, 0, 37, 40, 79]
[3040, 0, 37, 40]
[3041, 0, 34, 37, 40, 79, 13]
[3042, 0, 2, 24, 141, 74, 186, 40, 2067, 79]
[3043, 0, 64, 130, 148, 40]
[3044, 13]
[3045, 0, 64, 130, 100, 148, 99, 40, 13]
[3046, 3, 24, 87, 37, 134, 40, 209, 2721]
[3047, 0]
[3048, 0, 3, 100, 37, 40, 13]
[3049, 0, 100, 40, 13]
[3050, 0, 2, 40]
[3052, 0, 113, 37, 40, 13]
[3054, 0, 501, 37, 40, 428, 1715, 13]
[3055, 98, 141, 17, 105]
[3056, 0, 24, 37, 40, 13]
[3057, 0, 24, 299, 82, 656, 100, 60, 99, 739, 79, 13]
[3058, 0, 37, 40, 79, 13]
[3059, 74]
[3060, 13]
[3061, 100, 212, 37, 99, 13]
[3062, 5, 64, 130, 61, 445]
[3063, 0, 234]
[3064, 0, 37, 40, 79, 13]
[3065, 0, 61]
[3066, 24, 250, 37, 268, 79]
[3067, 14, 13]
[3068, 300, 218]
[3069, 3, 87, 37]
[3070, 186, 117, 942, 13]
[3071, 13]
[3073, 64, 130]
[3074, 8, 16, 37, 40, 13]
[3075, 0, 16, 52, 135, 1270, 79]
[3076, 16, 135, 37, 40]
[3078, 24, 89, 37]
[3079, 13]
[3080, 2, 50, 64, 130, 40, 13]
[3081, 0, 37, 40]
[3082, 0, 52, 37, 492, 1001, 40, 1541, 736, 79]
[3083, 0, 52, 37, 40, 79, 13]
[3086, 0, 53, 13]
[3087, 0, 40]
[3088, 13]
[3089, 0, 2, 40, 13]
[3090, 34, 111, 234, 103, 123, 200, 52, 370, 100, 99, 40]
[3092, 0, 52, 37, 40, 79, 13]
[3093, 0, 37, 40]
[3094, 0, 130, 728, 599]
[3095, 0, 98, 141]
[3096, 0, 66, 60, 546, 209]
[3097, 0, 37, 60, 40, 79, 13]
[3100, 0, 37, 40, 13]
[3102, 0, 52, 60, 1073, 40, 13, 227]
[3103, 534, 13]
[3104, 0]
[3106, 13]
[3107, 0, 78, 37, 492, 40, 79, 2489, 823]
[3108, 0, 141, 234, 61, 37, 40, 475, 79]
[3109, 0, 40, 241, 13, 209]
[3110, 0, 64, 130, 148, 40, 13, 2818]
[3111, 0, 53, 715, 20, 13]
[3112, 13]
[3113, 15, 60, 2879, 79]
[3114, 13]
[3115, 225, 40, 13]
[3116, 111, 234, 52, 40, 13]
[3117, 0, 40]
[3118, 2, 24, 149, 299, 61, 82, 60, 559, 79, 13, 669]
[3119, 0, 24, 37, 40]
[3120, 21, 61]
[3121, 0, 40]
[3122, 0, 37, 40]
[3124, 13]
[3125, 0]
[3126, 0, 111, 234, 52, 37, 79]
[3127, 2, 34, 37, 79, 13]
[3128, 0, 23, 40, 13]
[3129, 2741, 13]
[3130, 13]
[3131, 13]
[3133, 37, 2261, 13]
[3134, 37, 40, 79, 546, 13]
[3135, 47, 281]
[3137, 0, 40, 13]
[3138, 0, 100, 37, 60, 40, 79, 13]
[3139, 0, 100, 13]
[3140, 0, 37, 60, 40, 79]
[3141, 13]
[3143, 13]
[3144, 0, 3, 87, 37, 40, 428]
[3145, 64, 130, 52, 113, 160, 1073, 1016, 79, 227]
[3146, 13]
[3147, 0, 52, 37, 40, 2444, 79]
[3148, 13]
[3149, 0, 13]
[3150, 23, 52, 204, 40, 698, 2239, 79, 796]
[3151, 0, 44, 492, 40, 892, 13]
[3152, 0, 2, 165, 188, 492, 40, 13]
[3153, 64, 130, 13]
[3154, 13]
[3155, 0, 40, 2881, 751]
[3156, 113]
[3157, 2, 52, 37, 79, 13]
